knr,knavn,aar,bef_K_0_14,bef_K_15_29,bef_K_30_74,bef_K_75_105,bef_M_0_14,bef_M_15_29,bef_M_30_74,bef_M_75_105,bef_MK_0_14,bef_MK_15_29,bef_MK_30_74,bef_MK_75_105
0101,Halden,1999,2207,2445,7110,1597,2387,2530,7067,889,4594,4975,14177,2486
0101,Halden,2000,2243,2416,7163,1612,2443,2514,7135,913,4686,4930,14298,2525
0101,Halden,2001,2284,2416,7263,1632,2487,2526,7270,923,4771,4942,14533,2555
0101,Halden,2002,2287,2409,7297,1630,2525,2446,7327,950,4812,4855,14624,2580
0101,Halden,2003,2321,2381,7370,1627,2560,2504,7397,962,4881,4885,14767,2589
0101,Halden,2004,2316,2350,7408,1640,2559,2465,7471,957,4875,4815,14879,2597
0101,Halden,2005,2316,2339,7494,1610,2547,2472,7531,959,4863,4811,15025,2569
0101,Halden,2006,2303,2377,7583,1574,2526,2531,7569,986,4829,4908,15152,2560
0101,Halden,2007,2273,2413,7601,1604,2525,2487,7669,972,4798,4900,15270,2576
0101,Halden,2008,2290,2421,7690,1583,2514,2503,7798,984,4804,4924,15488,2567
0101,Halden,2009,2318,2497,7774,1555,2505,2541,7900,987,4823,5038,15674,2542
0101,Halden,2010,2329,2568,7890,1543,2487,2632,8026,993,4816,5200,15916,2536
0101,Halden,2011,2328,2628,7998,1524,2502,2755,8171,995,4830,5383,16169,2519
0101,Halden,2012,2340,2691,8099,1503,2509,2881,8243,979,4849,5572,16342,2482
0101,Halden,2013,2352,2745,8239,1499,2538,2916,8326,958,4890,5661,16565,2457
0101,Halden,2014,2369,2804,8302,1481,2559,2943,8400,969,4928,5747,16702,2450
0104,Moss,1999,2073,2574,7255,1379,2238,2633,7028,749,4311,5207,14283,2128
0104,Moss,2000,2155,2501,7363,1425,2343,2535,7212,760,4498,5036,14575,2185
0104,Moss,2001,2255,2480,7546,1436,2441,2524,7363,773,4696,5004,14909,2209
0104,Moss,2002,2311,2436,7682,1408,2473,2436,7511,766,4784,4872,15193,2174
0104,Moss,2003,2281,2439,7833,1395,2452,2409,7611,785,4733,4848,15444,2180
0104,Moss,2004,2329,2428,7930,1395,2467,2393,7702,801,4796,4821,15632,2196
0104,Moss,2005,2347,2440,8051,1379,2471,2395,7840,797,4818,4835,15891,2176
0104,Moss,2006,2338,2386,8168,1404,2470,2406,7895,818,4808,4792,16063,2222
0104,Moss,2007,2343,2432,8316,1413,2487,2449,7998,830,4830,4881,16314,2243
0104,Moss,2008,2379,2409,8447,1428,2510,2563,8147,846,4889,4972,16594,2274
0104,Moss,2009,2383,2531,8587,1409,2542,2636,8327,849,4925,5167,16914,2258
0104,Moss,2010,2416,2576,8687,1417,2609,2698,8416,850,5025,5274,17103,2267
0104,Moss,2011,2413,2561,8793,1407,2584,2755,8540,877,4997,5316,17333,2284
0104,Moss,2012,2408,2626,8938,1409,2568,2829,8682,900,4976,5455,17620,2309
0104,Moss,2013,2448,2653,8999,1411,2563,2862,8803,945,5011,5515,17802,2356
0104,Moss,2014,2443,2640,9127,1434,2569,2900,8891,983,5012,5540,18018,2417
0105,Sarpsborg,1999,3870,4465,12908,2501,4063,4759,12655,1373,7933,9224,25563,3874
0105,Sarpsborg,2000,3903,4416,13056,2516,4096,4656,12806,1431,7999,9072,25862,3947
0105,Sarpsborg,2001,4023,4375,13303,2509,4186,4674,12985,1414,8209,9049,26288,3923
0105,Sarpsborg,2002,4110,4317,13443,2522,4304,4624,13201,1453,8414,8941,26644,3975
0105,Sarpsborg,2003,4179,4293,13596,2530,4399,4568,13437,1473,8578,8861,27033,4003
0105,Sarpsborg,2004,4230,4301,13719,2511,4468,4559,13572,1491,8698,8860,27291,4002
0105,Sarpsborg,2005,4311,4309,13879,2514,4494,4547,13665,1518,8805,8856,27544,4032
0105,Sarpsborg,2006,4304,4345,13964,2534,4487,4554,13816,1561,8791,8899,27780,4095
0105,Sarpsborg,2007,4287,4379,14068,2549,4537,4588,14048,1572,8824,8967,28116,4121
0105,Sarpsborg,2008,4261,4449,14175,2540,4539,4656,14293,1560,8800,9105,28468,4100
0105,Sarpsborg,2009,4367,4482,14383,2519,4587,4748,14452,1563,8954,9230,28835,4082
0105,Sarpsborg,2010,4398,4531,14518,2496,4612,4783,14595,1565,9010,9314,29113,4061
0105,Sarpsborg,2011,4422,4629,14723,2461,4674,4952,14784,1567,9096,9581,29507,4028
0105,Sarpsborg,2012,4434,4711,14861,2481,4669,4995,15007,1579,9103,9706,29868,4060
0105,Sarpsborg,2013,4425,4782,14937,2492,4663,5020,15193,1598,9088,9802,30130,4090
0105,Sarpsborg,2014,4408,4876,15065,2511,4691,4989,15335,1605,9099,9865,30400,4116
0106,Fredrikstad,1999,5588,6319,18695,3721,5847,6342,18112,2007,11435,12661,36807,5728
0106,Fredrikstad,2000,5684,6160,18873,3751,5944,6122,18370,2059,11628,12282,37243,5810
0106,Fredrikstad,2001,5796,6024,19139,3705,6059,5971,18565,2070,11855,11995,37704,5775
0106,Fredrikstad,2002,5858,5920,19304,3769,6154,5961,18683,2100,12012,11881,37987,5869
0106,Fredrikstad,2003,5982,5983,19570,3752,6306,5919,18913,2076,12288,11902,38483,5828
0106,Fredrikstad,2004,6023,6018,19737,3750,6364,5922,19197,2098,12387,11940,38934,5848
0106,Fredrikstad,2005,6027,5959,19916,3779,6414,5943,19471,2135,12441,11902,39387,5914
0106,Fredrikstad,2006,6034,5988,20113,3758,6432,5985,19569,2137,12466,11973,39682,5895
0106,Fredrikstad,2007,5984,6083,20296,3767,6479,6072,19697,2138,12463,12155,39993,5905
0106,Fredrikstad,2008,6000,6136,20489,3733,6484,6217,19979,2151,12484,12353,40468,5884
0106,Fredrikstad,2009,6052,6271,20638,3700,6447,6379,20358,2154,12499,12650,40996,5854
0106,Fredrikstad,2010,6098,6396,20885,3649,6442,6558,20562,2159,12540,12954,41447,5808
0106,Fredrikstad,2011,6163,6570,21127,3631,6580,6737,20794,2169,12743,13307,41921,5800
0106,Fredrikstad,2012,6095,6697,21349,3635,6614,7074,21174,2190,12709,13771,42523,5825
0106,Fredrikstad,2013,6101,6938,21641,3639,6643,7275,21535,2253,12744,14213,43176,5892
0106,Fredrikstad,2014,6127,7025,21887,3673,6631,7416,21741,2310,12758,14441,43628,5983
0111,Hvaler,1999,273,304,962,174,334,338,987,88,607,642,1949,262
0111,Hvaler,2000,266,295,966,176,317,327,1016,90,583,622,1982,266
0111,Hvaler,2001,279,297,967,173,305,349,1017,89,584,646,1984,262
0111,Hvaler,2002,285,281,1015,170,307,347,1058,98,592,628,2073,268
0111,Hvaler,2003,286,277,1036,168,303,342,1079,104,589,619,2115,272
0111,Hvaler,2004,280,293,1071,170,307,318,1110,107,587,611,2181,277
0111,Hvaler,2005,289,295,1102,176,319,318,1145,105,608,613,2247,281
0111,Hvaler,2006,276,304,1128,174,317,326,1154,107,593,630,2282,281
0111,Hvaler,2007,279,280,1166,171,322,318,1194,110,601,598,2360,281
0111,Hvaler,2008,288,269,1207,173,332,315,1225,123,620,584,2432,296
0111,Hvaler,2009,298,261,1238,167,326,305,1252,122,624,566,2490,289
0111,Hvaler,2010,292,276,1269,155,314,335,1287,122,606,611,2556,277
0111,Hvaler,2011,293,288,1293,152,323,339,1309,131,616,627,2602,283
0111,Hvaler,2012,294,294,1325,157,321,334,1324,131,615,628,2649,288
0111,Hvaler,2013,285,335,1335,158,329,334,1356,124,614,669,2691,282
0111,Hvaler,2014,293,332,1362,172,327,333,1398,137,620,665,2760,309
0118,Aremark,1999,147,131,359,102,117,134,398,59,264,265,757,161
0118,Aremark,2000,140,133,360,101,118,127,390,61,258,260,750,162
0118,Aremark,2001,135,134,356,101,115,109,389,64,250,243,745,165
0118,Aremark,2002,142,130,366,98,118,107,400,61,260,237,766,159
0118,Aremark,2003,147,131,374,94,119,109,404,62,266,240,778,156
0118,Aremark,2004,143,129,378,88,120,108,397,61,263,237,775,149
0118,Aremark,2005,137,120,379,90,120,103,400,59,257,223,779,149
0118,Aremark,2006,135,128,387,89,128,110,406,57,263,238,793,146
0118,Aremark,2007,130,117,380,84,130,112,390,57,260,229,770,141
0118,Aremark,2008,128,110,392,79,134,119,398,58,262,229,790,137
0118,Aremark,2009,125,103,395,80,127,119,396,60,252,222,791,140
0118,Aremark,2010,127,113,391,74,121,123,401,63,248,236,792,137
0118,Aremark,2011,125,110,393,68,123,118,395,63,248,228,788,131
0118,Aremark,2012,126,110,394,74,122,123,401,62,248,233,795,136
0118,Aremark,2013,123,110,389,73,121,120,415,67,244,230,804,140
0118,Aremark,2014,117,107,382,77,115,102,431,65,232,209,813,142
0119,Marker,1999,275,278,857,206,258,306,919,148,533,584,1776,354
0119,Marker,2000,279,271,851,212,276,288,926,161,555,559,1777,373
0119,Marker,2001,285,280,870,208,291,284,941,165,576,564,1811,373
0119,Marker,2002,287,277,868,209,288,270,924,170,575,547,1792,379
0119,Marker,2003,289,272,908,204,296,284,939,167,585,556,1847,371
0119,Marker,2004,289,273,917,195,314,277,952,158,603,550,1869,353
0119,Marker,2005,282,290,946,188,311,271,965,148,593,561,1911,336
0119,Marker,2006,297,293,959,191,316,270,997,150,613,563,1956,341
0119,Marker,2007,291,299,967,195,318,275,998,153,609,574,1965,348
0119,Marker,2008,270,279,961,201,301,281,1001,152,571,560,1962,353
0119,Marker,2009,246,293,968,198,288,273,1005,148,534,566,1973,346
0119,Marker,2010,260,280,987,183,292,277,1020,142,552,557,2007,325
0119,Marker,2011,249,280,986,191,287,273,1025,145,536,553,2011,336
0119,Marker,2012,259,272,997,193,298,286,1045,139,557,558,2042,332
0119,Marker,2013,259,278,1007,211,300,300,1059,140,559,578,2066,351
0119,Marker,2014,257,295,1014,208,289,307,1069,138,546,602,2083,346
0121,Rømskog,1999,42,61,170,55,57,52,186,37,99,113,356,92
0121,Rømskog,2000,40,65,174,53,60,52,184,40,100,117,358,93
0121,Rømskog,2001,42,59,174,54,58,56,189,38,100,115,363,92
0121,Rømskog,2002,42,52,172,51,56,56,179,40,98,108,351,91
0121,Rømskog,2003,47,45,176,52,62,56,171,43,109,101,347,95
0121,Rømskog,2004,47,50,172,52,62,59,174,46,109,109,346,98
0121,Rømskog,2005,48,49,175,51,65,53,177,46,113,102,352,97
0121,Rømskog,2006,50,48,177,56,61,56,175,47,111,104,352,103
0121,Rømskog,2007,49,38,172,62,54,58,175,46,103,96,347,108
0121,Rømskog,2008,42,35,173,60,60,56,173,44,102,91,346,104
0121,Rømskog,2009,44,39,179,56,69,53,187,40,113,92,366,96
0121,Rømskog,2010,43,45,186,51,63,61,195,38,106,106,381,89
0121,Rømskog,2011,48,44,182,49,59,60,193,37,107,104,375,86
0121,Rømskog,2012,46,44,182,53,60,64,195,37,106,108,377,90
0121,Rømskog,2013,49,39,182,54,58,65,197,39,107,104,379,93
0121,Rømskog,2014,48,33,186,50,54,57,201,38,102,90,387,88
0122,Trøgstad,1999,407,470,1275,254,419,490,1324,156,826,960,2599,410
0122,Trøgstad,2000,417,469,1275,263,426,487,1330,153,843,956,2605,416
0122,Trøgstad,2001,424,438,1287,273,432,477,1352,164,856,915,2639,437
0122,Trøgstad,2002,441,408,1345,262,449,446,1381,166,890,854,2726,428
0122,Trøgstad,2003,435,408,1362,268,449,438,1400,167,884,846,2762,435
0122,Trøgstad,2004,437,400,1360,267,422,446,1405,171,859,846,2765,438
0122,Trøgstad,2005,431,400,1365,266,415,430,1423,173,846,830,2788,439
0122,Trøgstad,2006,426,398,1391,267,439,423,1445,171,865,821,2836,438
0122,Trøgstad,2007,423,387,1383,265,433,436,1445,172,856,823,2828,437
0122,Trøgstad,2008,429,397,1408,264,441,426,1456,168,870,823,2864,432
0122,Trøgstad,2009,415,406,1421,254,425,446,1472,162,840,852,2893,416
0122,Trøgstad,2010,423,400,1447,239,422,439,1504,162,845,839,2951,401
0122,Trøgstad,2011,421,420,1451,235,434,446,1538,154,855,866,2989,389
0122,Trøgstad,2012,423,423,1459,234,436,458,1568,157,859,881,3027,391
0122,Trøgstad,2013,415,412,1465,232,447,476,1606,153,862,888,3071,385
0122,Trøgstad,2014,415,450,1496,231,436,510,1613,156,851,960,3109,387
0123,Spydeberg,1999,398,420,1165,186,408,496,1183,126,806,916,2348,312
0123,Spydeberg,2000,401,400,1192,192,419,491,1205,130,820,891,2397,322
0123,Spydeberg,2001,401,416,1206,196,430,491,1239,135,831,907,2445,331
0123,Spydeberg,2002,428,441,1227,203,431,494,1265,128,859,935,2492,331
0123,Spydeberg,2003,421,431,1261,191,442,468,1275,126,863,899,2536,317
0123,Spydeberg,2004,427,414,1261,208,451,482,1283,130,878,896,2544,338
0123,Spydeberg,2005,436,416,1297,219,453,492,1309,130,889,908,2606,349
0123,Spydeberg,2006,436,447,1311,229,459,472,1316,137,895,919,2627,366
0123,Spydeberg,2007,422,435,1360,229,477,467,1350,145,899,902,2710,374
0123,Spydeberg,2008,431,455,1401,230,484,464,1411,143,915,919,2812,373
0123,Spydeberg,2009,432,455,1427,233,482,468,1444,145,914,923,2871,378
0123,Spydeberg,2010,448,454,1441,232,501,444,1452,132,949,898,2893,364
0123,Spydeberg,2011,447,455,1491,227,499,459,1492,129,946,914,2983,356
0123,Spydeberg,2012,459,458,1514,229,521,441,1533,134,980,899,3047,363
0123,Spydeberg,2013,462,451,1551,233,528,472,1586,134,990,923,3137,367
0123,Spydeberg,2014,463,469,1599,229,509,532,1617,139,972,1001,3216,368
0124,Askim,1999,1186,1344,3573,655,1208,1424,3500,353,2394,2768,7073,1008
0124,Askim,2000,1206,1305,3621,672,1220,1402,3562,365,2426,2707,7183,1037
0124,Askim,2001,1217,1262,3702,665,1236,1397,3600,378,2453,2659,7302,1043
0124,Askim,2002,1215,1220,3763,677,1250,1344,3659,393,2465,2564,7422,1070
0124,Askim,2003,1260,1220,3837,675,1282,1331,3735,390,2542,2551,7572,1065
0124,Askim,2004,1252,1223,3895,663,1258,1359,3798,383,2510,2582,7693,1046
0124,Askim,2005,1232,1253,3931,654,1292,1335,3839,393,2524,2588,7770,1047
0124,Askim,2006,1261,1266,3948,673,1281,1346,3859,392,2542,2612,7807,1065
0124,Askim,2007,1277,1260,4000,677,1281,1324,3905,406,2558,2584,7905,1083
0124,Askim,2008,1283,1275,4033,677,1284,1350,3996,410,2567,2625,8029,1087
0124,Askim,2009,1264,1322,4119,663,1326,1368,4054,403,2590,2690,8173,1066
0124,Askim,2010,1288,1331,4139,651,1332,1378,4153,399,2620,2709,8292,1050
0124,Askim,2011,1273,1352,4196,632,1337,1382,4184,391,2610,2734,8380,1023
0124,Askim,2012,1248,1362,4261,632,1330,1424,4255,404,2578,2786,8516,1036
0124,Askim,2013,1253,1440,4315,624,1339,1431,4315,420,2592,2871,8630,1044
0124,Askim,2014,1279,1428,4398,616,1370,1413,4369,417,2649,2841,8767,1033
0125,Eidsberg,1999,819,919,2510,523,872,922,2478,289,1691,1841,4988,812
0125,Eidsberg,2000,855,943,2596,523,893,935,2544,299,1748,1878,5140,822
0125,Eidsberg,2001,878,945,2640,533,922,956,2601,292,1800,1901,5241,825
0125,Eidsberg,2002,874,932,2655,543,921,933,2632,311,1795,1865,5287,854
0125,Eidsberg,2003,889,924,2676,539,926,914,2669,314,1815,1838,5345,853
0125,Eidsberg,2004,902,948,2732,530,944,916,2711,328,1846,1864,5443,858
0125,Eidsberg,2005,904,917,2763,538,961,915,2749,332,1865,1832,5512,870
0125,Eidsberg,2006,909,926,2798,536,950,926,2785,327,1859,1852,5583,863
0125,Eidsberg,2007,903,920,2817,542,959,925,2840,325,1862,1845,5657,867
0125,Eidsberg,2008,911,950,2855,547,989,937,2875,332,1900,1887,5730,879
0125,Eidsberg,2009,926,959,2920,553,985,976,2937,334,1911,1935,5857,887
0125,Eidsberg,2010,922,972,2947,542,994,1010,2978,337,1916,1982,5925,879
0125,Eidsberg,2011,909,1013,2990,522,981,1064,3019,329,1890,2077,6009,851
0125,Eidsberg,2012,908,1038,3041,525,984,1031,3078,336,1892,2069,6119,861
0125,Eidsberg,2013,905,1018,3096,530,973,1092,3127,338,1878,2110,6223,868
0125,Eidsberg,2014,907,1043,3145,522,999,1084,3180,339,1906,2127,6325,861
0127,Skiptvet,1999,275,285,822,145,311,338,829,93,586,623,1651,238
0127,Skiptvet,2000,285,276,821,148,317,326,829,95,602,602,1650,243
0127,Skiptvet,2001,302,300,828,151,319,324,847,94,621,624,1675,245
0127,Skiptvet,2002,318,299,831,149,322,340,863,97,640,639,1694,246
0127,Skiptvet,2003,331,302,851,150,333,328,885,99,664,630,1736,249
0127,Skiptvet,2004,335,290,874,154,331,311,895,109,666,601,1769,263
0127,Skiptvet,2005,343,285,880,152,312,311,924,114,655,596,1804,266
0127,Skiptvet,2006,338,285,887,150,311,309,968,115,649,594,1855,265
0127,Skiptvet,2007,328,288,879,152,308,304,994,116,636,592,1873,268
0127,Skiptvet,2008,336,313,894,159,335,328,983,120,671,641,1877,279
0127,Skiptvet,2009,333,304,914,151,343,327,971,112,676,631,1885,263
0127,Skiptvet,2010,330,315,936,153,338,318,998,113,668,633,1934,266
0127,Skiptvet,2011,343,293,955,153,350,318,1008,109,693,611,1963,262
0127,Skiptvet,2012,347,314,979,154,356,303,1033,108,703,617,2012,262
0127,Skiptvet,2013,340,337,980,152,350,318,1058,99,690,655,2038,251
0127,Skiptvet,2014,339,338,1003,148,346,328,1087,90,685,666,2090,238
0128,Rakkestad,1999,625,639,1872,394,601,736,1911,229,1226,1375,3783,623
0128,Rakkestad,2000,617,644,1871,401,593,718,1909,241,1210,1362,3780,642
0128,Rakkestad,2001,640,646,1882,412,599,736,1914,242,1239,1382,3796,654
0128,Rakkestad,2002,645,651,1888,400,605,710,1932,248,1250,1361,3820,648
0128,Rakkestad,2003,648,653,1907,407,632,684,1967,251,1280,1337,3874,658
0128,Rakkestad,2004,648,628,1927,394,645,669,1978,248,1293,1297,3905,642
0128,Rakkestad,2005,655,625,1948,395,649,679,2001,243,1304,1304,3949,638
0128,Rakkestad,2006,661,639,1977,404,661,672,2014,256,1322,1311,3991,660
0128,Rakkestad,2007,658,640,1997,402,664,680,2054,254,1322,1320,4051,656
0128,Rakkestad,2008,660,677,2016,400,691,666,2082,260,1351,1343,4098,660
0128,Rakkestad,2009,645,666,2009,404,662,662,2106,257,1307,1328,4115,661
0128,Rakkestad,2010,660,648,2025,405,657,668,2131,251,1317,1316,4156,656
0128,Rakkestad,2011,652,641,2065,399,664,663,2173,252,1316,1304,4238,651
0128,Rakkestad,2012,649,649,2105,403,648,679,2220,253,1297,1328,4325,656
0128,Rakkestad,2013,660,674,2145,396,672,696,2287,247,1332,1370,4432,643
0128,Rakkestad,2014,662,681,2178,403,690,683,2333,252,1352,1364,4511,655
0135,Råde,1999,543,570,1713,239,573,583,1683,155,1116,1153,3396,394
0135,Råde,2000,544,578,1726,262,581,584,1695,169,1125,1162,3421,431
0135,Råde,2001,536,571,1739,279,615,578,1710,175,1151,1149,3449,454
0135,Råde,2002,556,559,1783,284,638,560,1746,189,1194,1119,3529,473
0135,Råde,2003,562,512,1833,282,625,560,1760,188,1187,1072,3593,470
0135,Råde,2004,563,493,1835,290,614,565,1769,190,1177,1058,3604,480
0135,Råde,2005,551,501,1856,298,613,582,1785,203,1164,1083,3641,501
0135,Råde,2006,564,526,1862,309,601,587,1821,209,1165,1113,3683,518
0135,Råde,2007,583,503,1895,317,583,625,1862,214,1166,1128,3757,531
0135,Råde,2008,591,531,1933,324,622,625,1917,220,1213,1156,3850,544
0135,Råde,2009,572,529,1931,321,601,614,1950,212,1173,1143,3881,533
0135,Råde,2010,567,549,1954,321,600,629,1958,230,1167,1178,3912,551
0135,Råde,2011,567,550,1968,319,612,634,1976,245,1179,1184,3944,564
0135,Råde,2012,560,543,1987,333,616,624,2007,250,1176,1167,3994,583
0135,Råde,2013,537,574,2000,329,635,621,2031,258,1172,1195,4031,587
0135,Råde,2014,532,580,2004,340,650,630,2055,252,1182,1210,4059,592
0136,Rygge,1999,1214,1238,3598,526,1290,1203,3532,324,2504,2441,7130,850
0136,Rygge,2000,1231,1204,3677,552,1339,1192,3586,333,2570,2396,7263,885
0136,Rygge,2001,1246,1178,3733,569,1376,1171,3673,340,2622,2349,7406,909
0136,Rygge,2002,1261,1152,3769,592,1394,1168,3699,341,2655,2320,7468,933
0136,Rygge,2003,1282,1139,3839,593,1444,1189,3755,356,2726,2328,7594,949
0136,Rygge,2004,1264,1152,3885,592,1418,1157,3773,348,2682,2309,7658,940
0136,Rygge,2005,1254,1097,3925,606,1434,1128,3763,357,2688,2225,7688,963
0136,Rygge,2006,1270,1108,3958,614,1441,1124,3845,366,2711,2232,7803,980
0136,Rygge,2007,1243,1103,3960,611,1418,1116,3853,377,2661,2219,7813,988
0136,Rygge,2008,1252,1081,4014,619,1434,1118,3855,404,2686,2199,7869,1023
0136,Rygge,2009,1241,1079,4071,634,1420,1187,3931,408,2661,2266,8002,1042
0136,Rygge,2010,1244,1115,4104,645,1388,1246,3992,407,2632,2361,8096,1052
0136,Rygge,2011,1250,1138,4147,655,1367,1244,4062,415,2617,2382,8209,1070
0136,Rygge,2012,1269,1191,4197,661,1358,1307,4141,438,2627,2498,8338,1099
0136,Rygge,2013,1249,1258,4260,670,1340,1370,4206,471,2589,2628,8466,1141
0136,Rygge,2014,1254,1256,4282,695,1299,1418,4275,498,2553,2674,8557,1193
0137,Våler (Østfold),1999,380,314,1056,134,433,417,1082,76,813,731,2138,210
0137,Våler (Østfold),2000,408,329,1082,133,469,415,1108,76,877,744,2190,209
0137,Våler (Østfold),2001,407,340,1102,130,471,410,1121,82,878,750,2223,212
0137,Våler (Østfold),2002,412,330,1115,121,481,392,1146,80,893,722,2261,201
0137,Våler (Østfold),2003,390,313,1099,122,459,372,1119,86,849,685,2218,208
0137,Våler (Østfold),2004,394,294,1114,123,448,368,1134,86,842,662,2248,209
0137,Våler (Østfold),2005,393,280,1130,126,450,366,1140,87,843,646,2270,213
0137,Våler (Østfold),2006,391,290,1152,129,424,378,1183,80,815,668,2335,209
0137,Våler (Østfold),2007,403,311,1150,131,422,384,1218,77,825,695,2368,208
0137,Våler (Østfold),2008,394,365,1163,134,410,420,1249,84,804,785,2412,218
0137,Våler (Østfold),2009,425,378,1210,130,409,457,1293,89,834,835,2503,219
0137,Våler (Østfold),2010,418,379,1235,134,411,431,1321,89,829,810,2556,223
0137,Våler (Østfold),2011,412,391,1277,129,426,447,1347,94,838,838,2624,223
0137,Våler (Østfold),2012,433,405,1312,129,441,441,1389,94,874,846,2701,223
0137,Våler (Østfold),2013,441,406,1348,131,462,466,1444,98,903,872,2792,229
0137,Våler (Østfold),2014,467,413,1391,135,476,462,1474,104,943,875,2865,239
0138,Hobøl,1999,407,420,1139,138,454,429,1178,87,861,849,2317,225
0138,Hobøl,2000,409,403,1163,142,476,431,1210,82,885,834,2373,224
0138,Hobøl,2001,413,413,1204,135,494,430,1234,78,907,843,2438,213
0138,Hobøl,2002,435,381,1220,129,504,409,1238,80,939,790,2458,209
0138,Hobøl,2003,455,367,1240,127,492,395,1258,85,947,762,2498,212
0138,Hobøl,2004,459,381,1231,138,470,406,1277,83,929,787,2508,221
0138,Hobøl,2005,453,384,1268,142,464,403,1309,86,917,787,2577,228
0138,Hobøl,2006,445,372,1281,145,463,411,1313,89,908,783,2594,234
0138,Hobøl,2007,443,372,1296,140,465,411,1312,95,908,783,2608,235
0138,Hobøl,2008,436,387,1297,143,443,441,1330,96,879,828,2627,239
0138,Hobøl,2009,438,390,1318,146,430,440,1345,98,868,830,2663,244
0138,Hobøl,2010,433,404,1338,154,434,450,1385,99,867,854,2723,253
0138,Hobøl,2011,418,429,1366,152,439,469,1428,104,857,898,2794,256
0138,Hobøl,2012,419,434,1379,151,432,471,1449,110,851,905,2828,261
0138,Hobøl,2013,425,442,1389,158,425,505,1466,115,850,947,2855,273
0138,Hobøl,2014,433,481,1427,167,431,534,1517,121,864,1015,2944,288
0211,Vestby,1999,1111,1214,3066,344,1126,1304,3092,219,2237,2518,6158,563
0211,Vestby,2000,1119,1153,3181,361,1161,1282,3178,223,2280,2435,6359,584
0211,Vestby,2001,1181,1155,3334,364,1229,1239,3350,233,2410,2394,6684,597
0211,Vestby,2002,1212,1130,3481,358,1283,1202,3469,230,2495,2332,6950,588
0211,Vestby,2003,1238,1113,3566,361,1304,1186,3571,218,2542,2299,7137,579
0211,Vestby,2004,1263,1070,3644,368,1313,1159,3629,215,2576,2229,7273,583
0211,Vestby,2005,1271,1106,3675,369,1356,1123,3681,232,2627,2229,7356,601
0211,Vestby,2006,1287,1101,3784,375,1374,1133,3733,234,2661,2234,7517,609
0211,Vestby,2007,1320,1102,3851,377,1386,1145,3827,234,2706,2247,7678,611
0211,Vestby,2008,1382,1112,3962,392,1418,1133,4001,234,2800,2245,7963,626
0211,Vestby,2009,1422,1139,4063,386,1439,1160,4078,230,2861,2299,8141,616
0211,Vestby,2010,1441,1127,4175,391,1455,1163,4200,247,2896,2290,8375,638
0211,Vestby,2011,1466,1152,4276,391,1462,1215,4292,258,2928,2367,8568,649
0211,Vestby,2012,1485,1204,4395,399,1522,1247,4423,273,3007,2451,8818,672
0211,Vestby,2013,1506,1253,4504,414,1583,1283,4565,309,3089,2536,9069,723
0211,Vestby,2014,1536,1273,4616,432,1614,1295,4650,337,3150,2568,9266,769
0213,Ski,1999,2478,2445,6907,708,2797,2390,6678,428,5275,4835,13585,1136
0213,Ski,2000,2535,2371,7029,714,2848,2302,6813,442,5383,4673,13842,1156
0213,Ski,2001,2546,2361,7080,729,2835,2294,6881,452,5381,4655,13961,1181
0213,Ski,2002,2613,2273,7205,763,2840,2256,6995,465,5453,4529,14200,1228
0213,Ski,2003,2682,2240,7337,790,2876,2243,7156,493,5558,4483,14493,1283
0213,Ski,2004,2688,2252,7487,809,2909,2271,7256,533,5597,4523,14743,1342
0213,Ski,2005,2671,2238,7585,822,2921,2318,7332,568,5592,4556,14917,1390
0213,Ski,2006,2675,2277,7607,877,2887,2377,7373,601,5562,4654,14980,1478
0213,Ski,2007,2692,2203,7709,896,2893,2419,7450,637,5585,4622,15159,1533
0213,Ski,2008,2715,2221,7791,912,2889,2429,7546,654,5604,4650,15337,1566
0213,Ski,2009,2679,2292,7834,919,2840,2517,7611,663,5519,4809,15445,1582
0213,Ski,2010,2726,2311,7929,935,2863,2525,7717,673,5589,4836,15646,1608
0213,Ski,2011,2757,2395,8059,950,2897,2626,7877,683,5654,5021,15936,1633
0213,Ski,2012,2735,2428,8162,969,2910,2662,8054,683,5645,5090,16216,1652
0213,Ski,2013,2805,2505,8185,1001,2887,2742,8112,712,5692,5247,16297,1713
0213,Ski,2014,2835,2537,8233,1046,2924,2791,8148,721,5759,5328,16381,1767
0214,Ås,1999,1310,1230,3530,426,1410,1318,3567,281,2720,2548,7097,707
0214,Ås,2000,1378,1247,3590,435,1472,1306,3678,290,2850,2553,7268,725
0214,Ås,2001,1417,1208,3697,436,1521,1285,3762,294,2938,2493,7459,730
0214,Ås,2002,1464,1221,3763,450,1557,1303,3820,291,3021,2524,7583,741
0214,Ås,2003,1474,1223,3832,446,1563,1315,3875,304,3037,2538,7707,750
0214,Ås,2004,1503,1235,3872,463,1552,1305,3886,318,3055,2540,7758,781
0214,Ås,2005,1487,1238,3921,467,1556,1338,3960,320,3043,2576,7881,787
0214,Ås,2006,1460,1240,4001,478,1557,1312,3988,331,3017,2552,7989,809
0214,Ås,2007,1440,1305,4030,525,1529,1396,4088,350,2969,2701,8118,875
0214,Ås,2008,1463,1420,4085,539,1586,1440,4212,374,3049,2860,8297,913
0214,Ås,2009,1501,1494,4185,550,1586,1594,4362,381,3087,3088,8547,931
0214,Ås,2010,1516,1611,4297,559,1630,1710,4466,400,3146,3321,8763,959
0214,Ås,2011,1501,1629,4415,563,1627,1777,4582,428,3128,3406,8997,991
0214,Ås,2012,1549,1752,4534,584,1642,1880,4700,443,3191,3632,9234,1027
0214,Ås,2013,1562,1740,4630,598,1698,1876,4800,466,3260,3616,9430,1064
0214,Ås,2014,1589,1767,4704,612,1724,1914,4968,464,3313,3681,9672,1076
0215,Frogn,1999,1274,1125,3553,406,1326,1155,3463,251,2600,2280,7016,657
0215,Frogn,2000,1339,1056,3680,424,1357,1120,3549,276,2696,2176,7229,700
0215,Frogn,2001,1365,1018,3730,423,1345,1114,3580,276,2710,2132,7310,699
0215,Frogn,2002,1364,975,3744,433,1368,1068,3574,279,2732,2043,7318,712
0215,Frogn,2003,1399,969,3812,444,1369,1043,3657,282,2768,2012,7469,726
0215,Frogn,2004,1352,967,3875,440,1373,1029,3684,298,2725,1996,7559,738
0215,Frogn,2005,1352,983,3953,458,1369,1042,3757,312,2721,2025,7710,770
0215,Frogn,2006,1345,1027,4010,471,1391,1061,3825,304,2736,2088,7835,775
0215,Frogn,2007,1351,1052,4109,492,1390,1089,3925,323,2741,2141,8034,815
0215,Frogn,2008,1346,1107,4241,493,1406,1123,4042,335,2752,2230,8283,828
0215,Frogn,2009,1347,1132,4294,507,1385,1153,4125,338,2732,2285,8419,845
0215,Frogn,2010,1343,1135,4397,505,1385,1183,4181,345,2728,2318,8578,850
0215,Frogn,2011,1321,1194,4428,519,1372,1236,4232,355,2693,2430,8660,874
0215,Frogn,2012,1332,1280,4518,532,1381,1285,4319,379,2713,2565,8837,911
0215,Frogn,2013,1346,1291,4644,555,1390,1319,4402,384,2736,2610,9046,939
0215,Frogn,2014,1307,1278,4726,593,1391,1340,4479,400,2698,2618,9205,993
0216,Nesodden,1999,1666,1326,4192,410,1784,1337,3938,254,3450,2663,8130,664
0216,Nesodden,2000,1695,1328,4331,433,1828,1342,4040,265,3523,2670,8371,698
0216,Nesodden,2001,1675,1308,4378,435,1838,1327,4084,276,3513,2635,8462,711
0216,Nesodden,2002,1701,1314,4463,465,1854,1355,4151,294,3555,2669,8614,759
0216,Nesodden,2003,1701,1289,4561,462,1847,1346,4242,298,3548,2635,8803,760
0216,Nesodden,2004,1696,1287,4635,479,1838,1358,4300,296,3534,2645,8935,775
0216,Nesodden,2005,1652,1371,4672,496,1805,1393,4346,306,3457,2764,9018,802
0216,Nesodden,2006,1671,1418,4771,530,1816,1428,4435,322,3487,2846,9206,852
0216,Nesodden,2007,1684,1428,4832,547,1770,1467,4505,356,3454,2895,9337,903
0216,Nesodden,2008,1661,1430,4880,550,1760,1485,4571,360,3421,2915,9451,910
0216,Nesodden,2009,1631,1455,4986,564,1768,1510,4665,359,3399,2965,9651,923
0216,Nesodden,2010,1631,1477,5084,580,1767,1535,4728,356,3398,3012,9812,936
0216,Nesodden,2011,1644,1526,5124,580,1727,1548,4808,364,3371,3074,9932,944
0216,Nesodden,2012,1681,1523,5227,584,1718,1594,4896,376,3399,3117,10123,960
0216,Nesodden,2013,1699,1523,5304,602,1719,1607,4975,382,3418,3130,10279,984
0216,Nesodden,2014,1711,1534,5403,629,1756,1622,5052,400,3467,3156,10455,1029
0217,Oppegård,1999,2296,1998,6451,665,2491,1960,6224,432,4787,3958,12675,1097
0217,Oppegård,2000,2308,1961,6568,672,2480,1930,6297,462,4788,3891,12865,1134
0217,Oppegård,2001,2329,1906,6620,721,2453,1888,6313,502,4782,3794,12933,1223
0217,Oppegård,2002,2337,1870,6707,740,2466,1912,6340,511,4803,3782,13047,1251
0217,Oppegård,2003,2336,1835,6727,779,2460,1903,6396,526,4796,3738,13123,1305
0217,Oppegård,2004,2333,1826,6767,788,2449,1935,6399,545,4782,3761,13166,1333
0217,Oppegård,2005,2376,1794,6846,796,2466,1952,6487,558,4842,3746,13333,1354
0217,Oppegård,2006,2378,1826,6927,837,2490,2006,6564,590,4868,3832,13491,1427
0217,Oppegård,2007,2353,1881,6953,867,2449,2009,6618,615,4802,3890,13571,1482
0217,Oppegård,2008,2341,1909,6991,905,2390,2087,6643,642,4731,3996,13634,1547
0217,Oppegård,2009,2373,1994,7076,931,2411,2160,6740,667,4784,4154,13816,1598
0217,Oppegård,2010,2353,2037,7132,969,2377,2227,6820,663,4730,4264,13952,1632
0217,Oppegård,2011,2407,2041,7194,982,2379,2269,6891,651,4786,4310,14085,1633
0217,Oppegård,2012,2429,2068,7325,996,2431,2276,7054,673,4860,4344,14379,1669
0217,Oppegård,2013,2470,2076,7459,1026,2496,2308,7141,713,4966,4384,14600,1739
0217,Oppegård,2014,2489,2140,7513,1050,2522,2335,7229,742,5011,4475,14742,1792
0219,Bærum,1999,9895,8911,28037,4301,10374,8819,26195,2826,20269,17730,54232,7127
0219,Bærum,2000,10049,8804,28176,4479,10475,8761,26335,2927,20524,17565,54511,7406
0219,Bærum,2001,10098,8605,28204,4615,10579,8573,26264,2996,20677,17178,54468,7611
0219,Bærum,2002,10115,8470,28270,4755,10540,8612,26374,3073,20655,17082,54644,7828
0219,Bærum,2003,10183,8479,28568,4858,10604,8574,26773,3116,20787,17053,55341,7974
0219,Bærum,2004,10214,8462,28808,5000,10679,8617,26933,3217,20893,17079,55741,8217
0219,Bærum,2005,10295,8591,29103,5137,10788,8697,27379,3303,21083,17288,56482,8440
0219,Bærum,2006,10281,8743,29441,5275,10775,8814,27822,3361,21056,17557,57263,8636
0219,Bærum,2007,10313,8747,29670,5354,10867,8889,28273,3387,21180,17636,57943,8741
0219,Bærum,2008,10363,8919,29951,5344,11007,9125,28775,3357,21370,18044,58726,8701
0219,Bærum,2009,10422,9107,30395,5350,11064,9341,29301,3401,21486,18448,59696,8751
0219,Bærum,2010,10488,9317,30820,5348,11150,9491,29759,3415,21638,18808,60579,8763
0219,Bærum,2011,10557,9501,31318,5324,11336,9692,30283,3430,21893,19193,61601,8754
0219,Bærum,2012,10726,9632,31685,5349,11404,9935,31006,3442,22130,19567,62691,8791
0219,Bærum,2013,10910,9807,32329,5319,11476,10182,31786,3418,22386,19989,64115,8737
0219,Bærum,2014,11145,9998,32917,5379,11684,10225,32446,3415,22829,20223,65363,8794
0220,Asker,1999,4977,4391,13389,1415,5162,4583,12865,969,10139,8974,26254,2384
0220,Asker,2000,5191,4295,13715,1500,5304,4432,13110,1046,10495,8727,26825,2546
0220,Asker,2001,5270,4273,13784,1577,5322,4434,13195,1108,10592,8707,26979,2685
0220,Asker,2002,5317,4227,13937,1652,5417,4327,13323,1159,10734,8554,27260,2811
0220,Asker,2003,5369,4170,14068,1713,5460,4279,13460,1194,10829,8449,27528,2907
0220,Asker,2004,5414,4169,14158,1780,5407,4309,13564,1250,10821,8478,27722,3030
0220,Asker,2005,5318,4174,14314,1805,5382,4293,13609,1305,10700,8467,27923,3110
0220,Asker,2006,5434,4226,14473,1880,5422,4354,13726,1350,10856,8580,28199,3230
0220,Asker,2007,5424,4309,14609,1944,5433,4474,14023,1411,10857,8783,28632,3355
0220,Asker,2008,5402,4397,14774,1986,5402,4607,14272,1446,10804,9004,29046,3432
0220,Asker,2009,5409,4594,14936,2000,5456,4718,14560,1460,10865,9312,29496,3460
0220,Asker,2010,5448,4692,15202,2041,5492,4839,14814,1475,10940,9531,30016,3516
0220,Asker,2011,5379,4851,15335,2089,5562,4949,15027,1481,10941,9800,30362,3570
0220,Asker,2012,5417,5021,15649,2135,5630,5062,15429,1498,11047,10083,31078,3633
0220,Asker,2013,5458,5104,15858,2194,5637,5229,15772,1538,11095,10333,31630,3732
0220,Asker,2014,5553,5168,16121,2279,5663,5250,16078,1589,11216,10418,32199,3868
0221,Aurskog-Høland,1999,1067,1082,3321,614,1110,1198,3465,433,2177,2280,6786,1047
0221,Aurskog-Høland,2000,1103,1066,3368,648,1125,1169,3519,424,2228,2235,6887,1072
0221,Aurskog-Høland,2001,1112,1074,3415,656,1167,1141,3568,430,2279,2215,6983,1086
0221,Aurskog-Høland,2002,1146,1085,3507,680,1217,1089,3687,442,2363,2174,7194,1122
0221,Aurskog-Høland,2003,1145,1057,3565,674,1240,1055,3738,452,2385,2112,7303,1126
0221,Aurskog-Høland,2004,1168,1048,3624,675,1231,1045,3790,465,2399,2093,7414,1140
0221,Aurskog-Høland,2005,1182,1035,3672,667,1259,1020,3843,452,2441,2055,7515,1119
0221,Aurskog-Høland,2006,1178,1050,3723,652,1243,1051,3897,446,2421,2101,7620,1098
0221,Aurskog-Høland,2007,1200,1043,3801,659,1233,1098,3947,459,2433,2141,7748,1118
0221,Aurskog-Høland,2008,1207,1126,3892,650,1250,1172,4084,466,2457,2298,7976,1116
0221,Aurskog-Høland,2009,1236,1152,3953,646,1263,1173,4127,466,2499,2325,8080,1112
0221,Aurskog-Høland,2010,1206,1187,4007,624,1254,1248,4165,462,2460,2435,8172,1086
0221,Aurskog-Høland,2011,1219,1233,4087,637,1258,1298,4271,462,2477,2531,8358,1099
0221,Aurskog-Høland,2012,1236,1245,4166,647,1271,1321,4403,459,2507,2566,8569,1106
0221,Aurskog-Høland,2013,1244,1281,4269,650,1273,1373,4521,478,2517,2654,8790,1128
0221,Aurskog-Høland,2014,1271,1300,4343,661,1273,1409,4589,491,2544,2709,8932,1152
0226,Sørum,1999,1147,1038,3222,402,1309,1073,3347,276,2456,2111,6569,678
0226,Sørum,2000,1158,1055,3274,404,1322,1108,3377,272,2480,2163,6651,676
0226,Sørum,2001,1186,1036,3315,419,1360,1090,3425,288,2546,2126,6740,707
0226,Sørum,2002,1204,985,3411,419,1364,1068,3496,290,2568,2053,6907,709
0226,Sørum,2003,1237,1003,3516,415,1352,1059,3554,305,2589,2062,7070,720
0226,Sørum,2004,1240,1061,3544,423,1366,1079,3575,317,2606,2140,7119,740
0226,Sørum,2005,1258,1056,3620,431,1375,1093,3626,317,2633,2149,7246,748
0226,Sørum,2006,1309,1078,3732,451,1404,1161,3756,331,2713,2239,7488,782
0226,Sørum,2007,1333,1136,3832,463,1420,1231,3882,337,2753,2367,7714,800
0226,Sørum,2008,1356,1192,3939,468,1461,1305,4034,341,2817,2497,7973,809
0226,Sørum,2009,1434,1244,4091,482,1519,1408,4211,345,2953,2652,8302,827
0226,Sørum,2010,1509,1296,4192,489,1578,1430,4326,354,3087,2726,8518,843
0226,Sørum,2011,1560,1306,4256,503,1637,1395,4441,365,3197,2701,8697,868
0226,Sørum,2012,1620,1356,4372,510,1662,1438,4566,368,3282,2794,8938,878
0226,Sørum,2013,1661,1352,4441,505,1669,1444,4702,380,3330,2796,9143,885
0226,Sørum,2014,1687,1459,4568,530,1747,1530,4818,379,3434,2989,9386,909
0227,Fet,1999,891,776,2489,274,920,822,2560,182,1811,1598,5049,456
0227,Fet,2000,922,771,2575,281,942,817,2658,192,1864,1588,5233,473
0227,Fet,2001,930,771,2620,287,966,818,2683,198,1896,1589,5303,485
0227,Fet,2002,922,765,2610,290,936,787,2686,220,1858,1552,5296,510
0227,Fet,2003,933,734,2655,290,935,787,2709,229,1868,1521,5364,519
0227,Fet,2004,926,744,2687,295,945,781,2763,226,1871,1525,5450,521
0227,Fet,2005,920,763,2723,303,942,812,2762,235,1862,1575,5485,538
0227,Fet,2006,943,768,2782,299,954,839,2820,230,1897,1607,5602,529
0227,Fet,2007,920,790,2788,308,952,827,2847,236,1872,1617,5635,544
0227,Fet,2008,920,838,2798,309,954,864,2910,247,1874,1702,5708,556
0227,Fet,2009,934,865,2836,331,957,880,2968,245,1891,1745,5804,576
0227,Fet,2010,923,886,2878,326,969,876,3020,250,1892,1762,5898,576
0227,Fet,2011,923,914,2937,329,996,892,3061,249,1919,1806,5998,578
0227,Fet,2012,928,897,2991,337,999,943,3133,255,1927,1840,6124,592
0227,Fet,2013,937,896,3047,345,1045,947,3213,270,1982,1843,6260,615
0227,Fet,2014,954,914,3091,361,1048,1006,3266,283,2002,1920,6357,644
0228,Rælingen,1999,1352,1557,3955,335,1353,1529,3885,210,2705,3086,7840,545
0228,Rælingen,2000,1380,1508,4037,347,1357,1463,3980,206,2737,2971,8017,553
0228,Rælingen,2001,1371,1504,4117,357,1369,1462,4031,219,2740,2966,8148,576
0228,Rælingen,2002,1406,1444,4148,357,1381,1412,4070,221,2787,2856,8218,578
0228,Rælingen,2003,1398,1409,4156,380,1384,1408,4116,227,2782,2817,8272,607
0228,Rælingen,2004,1342,1403,4223,387,1420,1325,4184,232,2762,2728,8407,619
0228,Rælingen,2005,1341,1428,4238,396,1404,1342,4207,255,2745,2770,8445,651
0228,Rælingen,2006,1315,1426,4293,394,1380,1349,4230,265,2695,2775,8523,659
0228,Rælingen,2007,1285,1450,4376,403,1393,1368,4318,278,2678,2818,8694,681
0228,Rælingen,2008,1283,1429,4391,400,1391,1409,4303,296,2674,2838,8694,696
0228,Rælingen,2009,1333,1445,4432,395,1401,1434,4384,302,2734,2879,8816,697
0228,Rælingen,2010,1366,1468,4464,397,1444,1425,4483,306,2810,2893,8947,703
0228,Rælingen,2011,1417,1527,4538,408,1449,1466,4532,321,2866,2993,9070,729
0228,Rælingen,2012,1412,1498,4641,423,1514,1488,4654,326,2926,2986,9295,749
0228,Rælingen,2013,1422,1535,4680,434,1591,1508,4700,339,3013,3043,9380,773
0228,Rælingen,2014,1478,1537,4789,438,1641,1562,4795,336,3119,3099,9584,774
0229,Enebakk,1999,829,829,2245,208,900,899,2340,141,1729,1728,4585,349
0229,Enebakk,2000,847,833,2310,202,925,885,2423,145,1772,1718,4733,347
0229,Enebakk,2001,895,836,2380,211,958,886,2504,150,1853,1722,4884,361
0229,Enebakk,2002,904,812,2433,221,942,856,2546,150,1846,1668,4979,371
0229,Enebakk,2003,930,811,2492,224,954,829,2622,150,1884,1640,5114,374
0229,Enebakk,2004,947,790,2558,223,968,832,2667,150,1915,1622,5225,373
0229,Enebakk,2005,923,757,2636,220,969,833,2688,155,1892,1590,5324,375
0229,Enebakk,2006,943,772,2666,228,981,840,2751,151,1924,1612,5417,379
0229,Enebakk,2007,939,820,2693,238,1004,870,2801,159,1943,1690,5494,397
0229,Enebakk,2008,967,846,2751,247,1006,899,2882,162,1973,1745,5633,409
0229,Enebakk,2009,994,859,2822,249,1032,895,2957,170,2026,1754,5779,419
0229,Enebakk,2010,1008,856,2824,252,1047,938,2956,164,2055,1794,5780,416
0229,Enebakk,2011,1017,867,2861,248,1038,911,3015,174,2055,1778,5876,422
0229,Enebakk,2012,1033,891,2906,246,1068,955,3055,190,2101,1846,5961,436
0229,Enebakk,2013,1034,889,2933,259,1064,964,3098,186,2098,1853,6031,445
0229,Enebakk,2014,1017,916,2984,261,1054,945,3139,184,2071,1861,6123,445
0230,Lørenskog,1999,2711,2930,8205,753,2835,3003,7940,437,5546,5933,16145,1190
0230,Lørenskog,2000,2751,2867,8332,776,2910,2915,8094,458,5661,5782,16426,1234
0230,Lørenskog,2001,2778,2741,8436,809,2961,2846,8210,486,5739,5587,16646,1295
0230,Lørenskog,2002,2809,2662,8555,841,2994,2794,8300,512,5803,5456,16855,1353
0230,Lørenskog,2003,2870,2668,8689,864,3057,2723,8423,542,5927,5391,17112,1406
0230,Lørenskog,2004,2872,2658,8795,873,3115,2698,8505,577,5987,5356,17300,1450
0230,Lørenskog,2005,2904,2625,8846,906,3152,2695,8624,579,6056,5320,17470,1485
0230,Lørenskog,2006,2870,2624,8961,945,3126,2711,8728,595,5996,5335,17689,1540
0230,Lørenskog,2007,2848,2658,9063,968,3174,2761,8880,621,6022,5419,17943,1589
0230,Lørenskog,2008,2911,2690,9181,1009,3164,2830,9004,649,6075,5520,18185,1658
0230,Lørenskog,2009,2951,2676,9353,1041,3222,2898,9130,665,6173,5574,18483,1706
0230,Lørenskog,2010,2957,2749,9475,1053,3211,2954,9288,684,6168,5703,18763,1737
0230,Lørenskog,2011,2950,2827,9567,1054,3251,3050,9488,710,6201,5877,19055,1764
0230,Lørenskog,2012,2963,2932,9608,1083,3212,3119,9686,737,6175,6051,19294,1820
0230,Lørenskog,2013,3017,2974,9781,1099,3246,3220,9859,773,6263,6194,19640,1872
0230,Lørenskog,2014,3003,3054,9888,1137,3244,3244,9975,799,6247,6298,19863,1936
0231,Skedsmo,1999,3362,3623,10491,1525,3698,3778,10359,833,7060,7401,20850,2358
0231,Skedsmo,2000,3485,3545,10689,1561,3768,3682,10557,833,7253,7227,21246,2394
0231,Skedsmo,2001,3575,3463,10826,1599,3860,3643,10770,864,7435,7106,21596,2463
0231,Skedsmo,2002,3688,3501,11125,1616,3969,3652,11031,892,7657,7153,22156,2508
0231,Skedsmo,2003,3776,3520,11360,1625,4058,3647,11200,914,7834,7167,22560,2539
0231,Skedsmo,2004,3879,3558,11572,1642,4115,3602,11452,937,7994,7160,23024,2579
0231,Skedsmo,2005,3976,3587,11790,1684,4169,3631,11707,990,8145,7218,23497,2674
0231,Skedsmo,2006,4089,3700,12115,1719,4243,3785,11929,1035,8332,7485,24044,2754
0231,Skedsmo,2007,4205,3847,12493,1718,4353,4020,12295,1061,8558,7867,24788,2779
0231,Skedsmo,2008,4302,4041,12881,1749,4462,4221,12760,1100,8764,8262,25641,2849
0231,Skedsmo,2009,4308,4115,13003,1747,4467,4342,12958,1126,8775,8457,25961,2873
0231,Skedsmo,2010,4368,4261,13318,1770,4510,4441,13297,1145,8878,8702,26615,2915
0231,Skedsmo,2011,4373,4444,13566,1823,4532,4694,13564,1170,8905,9138,27130,2993
0231,Skedsmo,2012,4405,4536,13779,1855,4583,4834,13925,1177,8988,9370,27704,3032
0231,Skedsmo,2013,4452,4631,13998,1883,4652,4905,14241,1194,9104,9536,28239,3077
0231,Skedsmo,2014,4473,4767,14193,1927,4691,4942,14413,1230,9164,9709,28606,3157
0233,Nittedal,1999,1885,1700,4968,418,1975,1783,4982,259,3860,3483,9950,677
0233,Nittedal,2000,1993,1681,5099,434,2028,1722,5138,261,4021,3403,10237,695
0233,Nittedal,2001,2036,1642,5245,445,2103,1674,5269,270,4139,3316,10514,715
0233,Nittedal,2002,2099,1587,5365,449,2117,1616,5387,273,4216,3203,10752,722
0233,Nittedal,2003,2101,1569,5436,447,2180,1561,5482,281,4281,3130,10918,728
0233,Nittedal,2004,2115,1523,5507,478,2191,1530,5548,295,4306,3053,11055,773
0233,Nittedal,2005,2120,1507,5599,486,2163,1531,5621,304,4283,3038,11220,790
0233,Nittedal,2006,2111,1509,5656,502,2139,1570,5662,319,4250,3079,11318,821
0233,Nittedal,2007,2130,1545,5743,509,2151,1629,5706,344,4281,3174,11449,853
0233,Nittedal,2008,2136,1573,5825,512,2171,1699,5746,358,4307,3272,11571,870
0233,Nittedal,2009,2166,1602,5905,531,2137,1731,5830,361,4303,3333,11735,892
0233,Nittedal,2010,2204,1621,6031,551,2193,1766,5933,382,4397,3387,11964,933
0233,Nittedal,2011,2220,1691,6055,568,2164,1835,5994,393,4384,3526,12049,961
0233,Nittedal,2012,2200,1721,6112,581,2168,1900,6134,424,4368,3621,12246,1005
0233,Nittedal,2013,2219,1772,6243,604,2152,1988,6297,447,4371,3760,12540,1051
0233,Nittedal,2014,2218,1839,6329,626,2221,2024,6433,455,4439,3863,12762,1081
0234,Gjerdrum,1999,448,409,1175,137,490,436,1221,74,938,845,2396,211
0234,Gjerdrum,2000,469,409,1204,135,511,438,1241,78,980,847,2445,213
0234,Gjerdrum,2001,484,424,1226,136,532,431,1283,75,1016,855,2509,211
0234,Gjerdrum,2002,495,422,1274,131,555,439,1322,76,1050,861,2596,207
0234,Gjerdrum,2003,525,402,1314,135,563,424,1362,89,1088,826,2676,224
0234,Gjerdrum,2004,519,401,1352,131,575,439,1394,88,1094,840,2746,219
0234,Gjerdrum,2005,529,392,1392,135,607,437,1423,89,1136,829,2815,224
0234,Gjerdrum,2006,539,401,1442,143,623,462,1456,89,1162,863,2898,232
0234,Gjerdrum,2007,561,405,1480,154,631,463,1485,99,1192,868,2965,253
0234,Gjerdrum,2008,557,401,1510,160,639,490,1542,104,1196,891,3052,264
0234,Gjerdrum,2009,567,409,1548,167,636,495,1572,114,1203,904,3120,281
0234,Gjerdrum,2010,573,427,1581,177,656,519,1681,126,1229,946,3262,303
0234,Gjerdrum,2011,606,443,1634,178,666,545,1729,128,1272,988,3363,306
0234,Gjerdrum,2012,576,478,1677,182,664,582,1789,132,1240,1060,3466,314
0234,Gjerdrum,2013,583,486,1720,188,669,595,1821,140,1252,1081,3541,328
0234,Gjerdrum,2014,561,500,1750,190,659,578,1832,153,1220,1078,3582,343
0235,Ullensaker,1999,1746,1965,5361,626,1867,1947,5449,381,3613,3912,10810,1007
0235,Ullensaker,2000,1804,1968,5530,643,1981,1902,5657,394,3785,3870,11187,1037
0235,Ullensaker,2001,1915,1982,5788,663,2071,1951,5917,414,3986,3933,11705,1077
0235,Ullensaker,2002,2048,2013,6087,699,2206,1999,6141,427,4254,4012,12228,1126
0235,Ullensaker,2003,2180,2060,6388,696,2347,2024,6411,459,4527,4084,12799,1155
0235,Ullensaker,2004,2305,2109,6658,706,2445,2069,6673,469,4750,4178,13331,1175
0235,Ullensaker,2005,2404,2181,6856,731,2542,2088,6863,503,4946,4269,13719,1234
0235,Ullensaker,2006,2502,2223,7062,748,2626,2195,7034,524,5128,4418,14096,1272
0235,Ullensaker,2007,2560,2260,7226,775,2721,2221,7260,550,5281,4481,14486,1325
0235,Ullensaker,2008,2687,2362,7474,802,2799,2334,7531,567,5486,4696,15005,1369
0235,Ullensaker,2009,2779,2513,7743,822,2908,2470,7898,587,5687,4983,15641,1409
0235,Ullensaker,2010,2876,2620,7989,821,3013,2579,8165,596,5889,5199,16154,1417
0235,Ullensaker,2011,3004,2706,8217,832,3160,2691,8433,594,6164,5397,16650,1426
0235,Ullensaker,2012,3126,2788,8455,843,3194,2890,8685,626,6320,5678,17140,1469
0235,Ullensaker,2013,3210,2855,8615,871,3260,2960,8893,649,6470,5815,17508,1520
0235,Ullensaker,2014,3253,2903,8816,901,3276,3086,9086,695,6529,5989,17902,1596
0236,Nes (Akershus),1999,1477,1427,4361,678,1567,1538,4432,480,3044,2965,8793,1158
0236,Nes (Akershus),2000,1492,1390,4422,693,1617,1508,4490,501,3109,2898,8912,1194
0236,Nes (Akershus),2001,1589,1455,4581,712,1680,1565,4655,504,3269,3020,9236,1216
0236,Nes (Akershus),2002,1679,1457,4734,702,1792,1557,4836,500,3471,3014,9570,1202
0236,Nes (Akershus),2003,1687,1455,4832,703,1867,1546,4977,492,3554,3001,9809,1195
0236,Nes (Akershus),2004,1690,1482,4902,716,1835,1566,5026,496,3525,3048,9928,1212
0236,Nes (Akershus),2005,1706,1472,4959,709,1877,1532,5057,507,3583,3004,10016,1216
0236,Nes (Akershus),2006,1686,1462,4978,725,1803,1561,5099,506,3489,3023,10077,1231
0236,Nes (Akershus),2007,1704,1488,5030,736,1782,1598,5168,513,3486,3086,10198,1249
0236,Nes (Akershus),2008,1667,1550,5121,747,1767,1688,5246,525,3434,3238,10367,1272
0236,Nes (Akershus),2009,1627,1582,5190,758,1754,1705,5318,501,3381,3287,10508,1259
0236,Nes (Akershus),2010,1630,1615,5260,753,1713,1762,5382,511,3343,3377,10642,1264
0236,Nes (Akershus),2011,1670,1597,5341,751,1710,1792,5477,512,3380,3389,10818,1263
0236,Nes (Akershus),2012,1650,1678,5444,748,1719,1884,5630,510,3369,3562,11074,1258
0236,Nes (Akershus),2013,1678,1724,5552,748,1712,1938,5737,508,3390,3662,11289,1256
0236,Nes (Akershus),2014,1679,1773,5674,756,1710,1968,5886,510,3389,3741,11560,1266
0237,Eidsvoll,1999,1435,1616,4614,855,1631,1720,4657,484,3066,3336,9271,1339
0237,Eidsvoll,2000,1470,1607,4701,874,1658,1730,4762,487,3128,3337,9463,1361
0237,Eidsvoll,2001,1522,1554,4797,864,1702,1705,4841,511,3224,3259,9638,1375
0237,Eidsvoll,2002,1560,1546,4907,862,1778,1699,4957,527,3338,3245,9864,1389
0237,Eidsvoll,2003,1546,1546,4972,847,1762,1670,5035,509,3308,3216,10007,1356
0237,Eidsvoll,2004,1582,1521,5104,830,1764,1694,5108,504,3346,3215,10212,1334
0237,Eidsvoll,2005,1610,1543,5201,827,1771,1723,5231,517,3381,3266,10432,1344
0237,Eidsvoll,2006,1639,1591,5259,854,1784,1698,5359,520,3423,3289,10618,1374
0237,Eidsvoll,2007,1668,1611,5388,848,1809,1733,5487,526,3477,3344,10875,1374
0237,Eidsvoll,2008,1721,1719,5540,833,1855,1819,5646,526,3576,3538,11186,1359
0237,Eidsvoll,2009,1768,1746,5673,828,1917,1811,5794,529,3685,3557,11467,1357
0237,Eidsvoll,2010,1787,1777,5778,809,1961,1867,5925,510,3748,3644,11703,1319
0237,Eidsvoll,2011,1837,1783,5932,798,2032,1950,6020,512,3869,3733,11952,1310
0237,Eidsvoll,2012,1872,1865,6074,789,2059,2044,6175,496,3931,3909,12249,1285
0237,Eidsvoll,2013,1908,1905,6224,797,2082,2069,6384,505,3990,3974,12608,1302
0237,Eidsvoll,2014,1947,1972,6384,795,2156,2051,6564,512,4103,4023,12948,1307
0238,Nannestad,1999,813,839,2280,348,891,841,2311,236,1704,1680,4591,584
0238,Nannestad,2000,852,848,2367,356,930,862,2398,237,1782,1710,4765,593
0238,Nannestad,2001,898,849,2457,343,964,835,2481,231,1862,1684,4938,574
0238,Nannestad,2002,947,857,2512,345,1010,866,2553,234,1957,1723,5065,579
0238,Nannestad,2003,1001,830,2613,344,1043,888,2658,222,2044,1718,5271,566
0238,Nannestad,2004,1035,854,2690,341,1057,855,2742,225,2092,1709,5432,566
0238,Nannestad,2005,1034,876,2748,345,1070,890,2805,233,2104,1766,5553,578
0238,Nannestad,2006,1050,888,2781,354,1087,890,2900,236,2137,1778,5681,590
0238,Nannestad,2007,1059,937,2836,369,1071,921,2967,229,2130,1858,5803,598
0238,Nannestad,2008,1051,928,2893,365,1106,930,3026,230,2157,1858,5919,595
0238,Nannestad,2009,1072,925,2934,354,1104,977,3076,225,2176,1902,6010,579
0238,Nannestad,2010,1099,966,2949,356,1085,1003,3106,227,2184,1969,6055,583
0238,Nannestad,2011,1111,982,3016,336,1082,1032,3207,222,2193,2014,6223,558
0238,Nannestad,2012,1114,983,3088,333,1100,1086,3291,239,2214,2069,6379,572
0238,Nannestad,2013,1110,982,3142,336,1118,1102,3357,236,2228,2084,6499,572
0238,Nannestad,2014,1119,994,3208,342,1145,1135,3436,227,2264,2129,6644,569
0239,Hurdal,1999,208,243,676,162,255,262,705,99,463,505,1381,261
0239,Hurdal,2000,202,238,686,162,254,259,706,104,456,497,1392,266
0239,Hurdal,2001,203,224,690,168,257,260,710,98,460,484,1400,266
0239,Hurdal,2002,204,206,698,174,266,242,718,101,470,448,1416,275
0239,Hurdal,2003,212,202,710,166,269,229,739,104,481,431,1449,270
0239,Hurdal,2004,211,209,725,167,266,226,754,101,477,435,1479,268
0239,Hurdal,2005,207,188,711,160,243,212,748,100,450,400,1459,260
0239,Hurdal,2006,211,190,715,154,245,219,750,102,456,409,1465,256
0239,Hurdal,2007,206,186,720,151,245,225,747,98,451,411,1467,249
0239,Hurdal,2008,198,178,730,151,238,213,750,101,436,391,1480,252
0239,Hurdal,2009,202,192,742,146,249,222,741,106,451,414,1483,252
0239,Hurdal,2010,196,198,744,146,228,228,740,109,424,426,1484,255
0239,Hurdal,2011,197,189,748,147,227,228,758,101,424,417,1506,248
0239,Hurdal,2012,199,205,744,140,238,238,763,104,437,443,1507,244
0239,Hurdal,2013,201,219,752,141,228,247,764,106,429,466,1516,247
0239,Hurdal,2014,194,213,756,142,227,251,776,109,421,464,1532,251
0301,Oslo kommune,1999,37757,55278,135329,28682,39450,51552,134228,13212,77207,106830,269557,41894
0301,Oslo kommune,2000,38138,55619,136711,28300,39939,52068,136011,13225,78077,107687,272722,41525
0301,Oslo kommune,2001,38180,55281,137007,27985,39951,52385,137212,13236,78131,107666,274219,41221
0301,Oslo kommune,2002,38355,55554,138141,27487,40209,53103,139112,13223,78564,108657,277253,40710
0301,Oslo kommune,2003,38826,56018,140168,26705,40753,52760,141539,13079,79579,108778,281707,39784
0301,Oslo kommune,2004,39449,55990,142071,26138,41240,52402,143587,12950,80689,108392,285658,39088
0301,Oslo kommune,2005,39999,57061,144623,25648,42000,53003,146289,12803,81999,110064,290912,38451
0301,Oslo kommune,2006,40727,58385,146724,25240,42813,53795,149270,12728,83540,112180,295994,37968
0301,Oslo kommune,2007,41411,60458,148830,24717,43524,55754,152129,12688,84935,116212,300959,37405
0301,Oslo kommune,2008,42238,62957,150754,24182,44284,58623,155769,12588,86522,121580,306523,36770
0301,Oslo kommune,2009,43394,65142,154177,23617,45492,60956,160603,12429,88886,126098,314780,36046
0301,Oslo kommune,2010,44675,66640,157583,23024,46841,61992,163876,12261,91516,128632,321459,35285
0301,Oslo kommune,2011,45762,68549,160739,22578,47718,64227,167626,12090,93480,132776,328365,34668
0301,Oslo kommune,2012,46883,70738,164233,22115,48715,66820,172002,12039,95598,137558,336235,34154
0301,Oslo kommune,2013,47589,72426,167107,21688,49575,68204,175554,12021,97164,140630,342661,33709
0301,Oslo kommune,2014,48439,73807,170078,21386,50435,69123,179488,12183,98874,142930,349566,33569
0402,Kongsvinger,1999,1387,1611,4938,847,1431,1676,4678,514,2818,3287,9616,1361
0402,Kongsvinger,2000,1389,1558,4995,868,1449,1638,4733,523,2838,3196,9728,1391
0402,Kongsvinger,2001,1385,1522,5041,881,1475,1595,4756,546,2860,3117,9797,1427
0402,Kongsvinger,2002,1392,1473,5082,878,1440,1561,4808,531,2832,3034,9890,1409
0402,Kongsvinger,2003,1418,1447,5116,886,1473,1497,4811,536,2891,2944,9927,1422
0402,Kongsvinger,2004,1420,1418,5159,886,1468,1469,4831,538,2888,2887,9990,1424
0402,Kongsvinger,2005,1378,1394,5147,905,1476,1448,4847,528,2854,2842,9994,1433
0402,Kongsvinger,2006,1376,1362,5155,901,1420,1456,4836,558,2796,2818,9991,1459
0402,Kongsvinger,2007,1368,1397,5159,890,1379,1475,4871,543,2747,2872,10030,1433
0402,Kongsvinger,2008,1363,1396,5176,897,1376,1491,4937,557,2739,2887,10113,1454
0402,Kongsvinger,2009,1338,1408,5165,895,1360,1463,4956,576,2698,2871,10121,1471
0402,Kongsvinger,2010,1333,1391,5203,890,1370,1486,4942,579,2703,2877,10145,1469
0402,Kongsvinger,2011,1330,1435,5206,901,1378,1509,4959,568,2708,2944,10165,1469
0402,Kongsvinger,2012,1307,1446,5270,904,1373,1512,4998,564,2680,2958,10268,1468
0402,Kongsvinger,2013,1300,1440,5322,881,1362,1579,5017,582,2662,3019,10339,1463
0402,Kongsvinger,2014,1323,1445,5352,889,1345,1635,5058,608,2668,3080,10410,1497
0403,Hamar,1999,2053,2351,7604,1650,2242,2381,6940,922,4295,4732,14544,2572
0403,Hamar,2000,2053,2358,7589,1693,2267,2347,7036,943,4320,4705,14625,2636
0403,Hamar,2001,2051,2356,7685,1719,2275,2401,7101,974,4326,4757,14786,2693
0403,Hamar,2002,2059,2355,7714,1713,2288,2430,7146,965,4347,4785,14860,2678
0403,Hamar,2003,2107,2325,7774,1733,2291,2419,7222,957,4398,4744,14996,2690
0403,Hamar,2004,2088,2329,7849,1743,2311,2405,7274,983,4399,4734,15123,2726
0403,Hamar,2005,2096,2321,7877,1785,2298,2474,7325,1008,4394,4795,15202,2793
0403,Hamar,2006,2079,2356,7883,1825,2239,2524,7387,1036,4318,4880,15270,2861
0403,Hamar,2007,2060,2421,7968,1820,2238,2611,7461,1055,4298,5032,15429,2875
0403,Hamar,2008,2031,2420,7972,1830,2257,2610,7545,1060,4288,5030,15517,2890
0403,Hamar,2009,2057,2446,8039,1832,2259,2664,7605,1043,4316,5110,15644,2875
0403,Hamar,2010,2070,2429,8065,1833,2253,2696,7686,1027,4323,5125,15751,2860
0403,Hamar,2011,2089,2512,8173,1820,2282,2726,7775,1005,4371,5238,15948,2825
0403,Hamar,2012,2101,2591,8277,1794,2355,2802,7875,1004,4456,5393,16152,2798
0403,Hamar,2013,2098,2641,8402,1736,2376,2850,7947,1012,4474,5491,16349,2748
0403,Hamar,2014,2081,2616,8508,1724,2364,2885,8057,1015,4445,5501,16565,2739
0412,Ringsaker,1999,2799,2818,8448,1522,2928,2988,8608,1054,5727,5806,17056,2576
0412,Ringsaker,2000,2830,2762,8470,1569,2946,2939,8661,1048,5776,5701,17131,2617
0412,Ringsaker,2001,2811,2692,8552,1564,3041,2865,8739,1056,5852,5557,17291,2620
0412,Ringsaker,2002,2847,2604,8563,1608,3092,2818,8764,1077,5939,5422,17327,2685
0412,Ringsaker,2003,2865,2592,8662,1616,3044,2788,8871,1069,5909,5380,17533,2685
0412,Ringsaker,2004,2844,2538,8710,1600,3011,2712,8931,1039,5855,5250,17641,2639
0412,Ringsaker,2005,2873,2523,8774,1588,2979,2725,8946,1065,5852,5248,17720,2653
0412,Ringsaker,2006,2846,2559,8824,1588,2991,2768,8933,1090,5837,5327,17757,2678
0412,Ringsaker,2007,2807,2632,8859,1555,2933,2829,8936,1096,5740,5461,17795,2651
0412,Ringsaker,2008,2783,2702,8881,1561,2886,2892,9010,1085,5669,5594,17891,2646
0412,Ringsaker,2009,2749,2737,8979,1543,2899,2928,9076,1096,5648,5665,18055,2639
0412,Ringsaker,2010,2746,2782,8990,1540,2904,2941,9158,1097,5650,5723,18148,2637
0412,Ringsaker,2011,2777,2790,9083,1522,2910,3054,9259,1098,5687,5844,18342,2620
0412,Ringsaker,2012,2717,2924,9164,1537,2896,3102,9412,1091,5613,6026,18576,2628
0412,Ringsaker,2013,2676,2930,9267,1535,2871,3140,9536,1088,5547,6070,18803,2623
0412,Ringsaker,2014,2671,2947,9339,1536,2859,3070,9617,1110,5530,6017,18956,2646
0415,Løten,1999,686,575,1919,378,703,666,1917,256,1389,1241,3836,634
0415,Løten,2000,667,579,1941,371,691,665,1955,254,1358,1244,3896,625
0415,Løten,2001,656,593,1955,379,673,684,1976,258,1329,1277,3931,637
0415,Løten,2002,650,590,1973,393,661,673,2010,270,1311,1263,3983,663
0415,Løten,2003,663,591,1992,386,653,667,2020,268,1316,1258,4012,654
0415,Løten,2004,642,593,1993,383,643,669,2035,260,1285,1262,4028,643
0415,Løten,2005,617,611,2000,378,644,664,2023,254,1261,1275,4023,632
0415,Løten,2006,607,629,2020,370,640,673,2023,265,1247,1302,4043,635
0415,Løten,2007,581,638,2030,365,627,669,2031,272,1208,1307,4061,637
0415,Løten,2008,570,644,2036,365,611,655,2044,263,1181,1299,4080,628
0415,Løten,2009,561,683,2026,360,593,656,2043,267,1154,1339,4069,627
0415,Løten,2010,550,680,2057,348,599,645,2061,261,1149,1325,4118,609
0415,Løten,2011,561,676,2098,341,601,653,2112,246,1162,1329,4210,587
0415,Løten,2012,574,695,2118,339,599,690,2139,246,1173,1385,4257,585
0415,Løten,2013,568,685,2141,338,590,671,2163,243,1158,1356,4304,581
0415,Løten,2014,562,701,2136,336,598,695,2193,252,1160,1396,4329,588
0417,Stange,1999,1498,1572,4928,836,1630,1637,4863,618,3128,3209,9791,1454
0417,Stange,2000,1510,1573,4963,851,1642,1639,4923,629,3152,3212,9886,1480
0417,Stange,2001,1571,1510,5022,898,1682,1594,4981,644,3253,3104,10003,1542
0417,Stange,2002,1571,1470,5006,918,1692,1554,4982,645,3263,3024,9988,1563
0417,Stange,2003,1584,1469,5040,925,1700,1560,5010,661,3284,3029,10050,1586
0417,Stange,2004,1575,1496,5092,928,1709,1582,5048,671,3284,3078,10140,1599
0417,Stange,2005,1562,1507,5123,966,1688,1626,5084,672,3250,3133,10207,1638
0417,Stange,2006,1576,1533,5182,987,1680,1651,5152,666,3256,3184,10334,1653
0417,Stange,2007,1562,1542,5240,984,1634,1626,5190,664,3196,3168,10430,1648
0417,Stange,2008,1554,1568,5283,1010,1645,1645,5241,687,3199,3213,10524,1697
0417,Stange,2009,1567,1600,5356,1001,1616,1691,5291,687,3183,3291,10647,1688
0417,Stange,2010,1556,1582,5433,979,1608,1727,5353,669,3164,3309,10786,1648
0417,Stange,2011,1532,1605,5456,961,1633,1734,5402,641,3165,3339,10858,1602
0417,Stange,2012,1530,1591,5510,947,1599,1751,5434,636,3129,3342,10944,1583
0417,Stange,2013,1515,1658,5582,934,1603,1788,5494,634,3118,3446,11076,1568
0417,Stange,2014,1549,1724,5610,948,1591,1870,5585,644,3140,3594,11195,1592
0418,Nord-Odal,1999,366,411,1423,293,372,473,1444,221,738,884,2867,514
0418,Nord-Odal,2000,380,394,1425,297,378,453,1465,225,758,847,2890,522
0418,Nord-Odal,2001,396,375,1444,301,396,443,1464,223,792,818,2908,524
0418,Nord-Odal,2002,396,358,1426,317,393,421,1468,225,789,779,2894,542
0418,Nord-Odal,2003,406,346,1413,329,413,397,1484,229,819,743,2897,558
0418,Nord-Odal,2004,403,356,1421,318,410,404,1483,220,813,760,2904,538
0418,Nord-Odal,2005,390,345,1451,316,406,400,1491,220,796,745,2942,536
0418,Nord-Odal,2006,382,337,1454,319,409,393,1486,220,791,730,2940,539
0418,Nord-Odal,2007,395,344,1450,318,411,376,1500,216,806,720,2950,534
0418,Nord-Odal,2008,396,355,1451,323,416,385,1514,214,812,740,2965,537
0418,Nord-Odal,2009,387,367,1438,317,401,396,1531,212,788,763,2969,529
0418,Nord-Odal,2010,394,383,1444,307,403,397,1530,213,797,780,2974,520
0418,Nord-Odal,2011,392,391,1449,307,401,395,1528,213,793,786,2977,520
0418,Nord-Odal,2012,393,384,1459,309,395,404,1541,213,788,788,3000,522
0418,Nord-Odal,2013,392,391,1469,308,391,416,1555,217,783,807,3024,525
0418,Nord-Odal,2014,381,372,1464,295,388,410,1557,218,769,782,3021,513
0419,Sør-Odal,1999,595,603,1969,445,615,684,2015,310,1210,1287,3984,755
0419,Sør-Odal,2000,616,565,2006,453,626,672,2034,295,1242,1237,4040,748
0419,Sør-Odal,2001,630,555,2047,448,642,651,2057,302,1272,1206,4104,750
0419,Sør-Odal,2002,643,579,2064,446,672,635,2091,291,1315,1214,4155,737
0419,Sør-Odal,2003,647,583,2085,435,663,636,2124,293,1310,1219,4209,728
0419,Sør-Odal,2004,670,558,2125,433,679,619,2149,289,1349,1177,4274,722
0419,Sør-Odal,2005,666,567,2147,425,668,631,2150,292,1334,1198,4297,717
0419,Sør-Odal,2006,660,554,2191,427,658,625,2196,290,1318,1179,4387,717
0419,Sør-Odal,2007,669,569,2216,430,655,623,2215,296,1324,1192,4431,726
0419,Sør-Odal,2008,676,588,2241,432,650,624,2237,286,1326,1212,4478,718
0419,Sør-Odal,2009,642,617,2243,427,635,636,2226,295,1277,1253,4469,722
0419,Sør-Odal,2010,637,602,2262,417,622,657,2230,294,1259,1259,4492,711
0419,Sør-Odal,2011,622,620,2279,406,621,663,2267,284,1243,1283,4546,690
0419,Sør-Odal,2012,608,644,2256,401,604,680,2304,289,1212,1324,4560,690
0419,Sør-Odal,2013,574,627,2253,405,596,686,2299,283,1170,1313,4552,688
0419,Sør-Odal,2014,574,649,2255,409,598,677,2330,282,1172,1326,4585,691
0420,Eidskog,1999,507,507,1739,372,556,564,1753,289,1063,1071,3492,661
0420,Eidskog,2000,514,504,1736,389,589,548,1765,293,1103,1052,3501,682
0420,Eidskog,2001,528,487,1740,395,582,548,1780,291,1110,1035,3520,686
0420,Eidskog,2002,528,479,1752,414,593,523,1776,307,1121,1002,3528,721
0420,Eidskog,2003,537,470,1758,408,571,517,1797,295,1108,987,3555,703
0420,Eidskog,2004,541,455,1748,431,588,506,1818,282,1129,961,3566,713
0420,Eidskog,2005,547,464,1778,443,597,496,1833,286,1144,960,3611,729
0420,Eidskog,2006,542,444,1788,432,580,507,1826,279,1122,951,3614,711
0420,Eidskog,2007,521,436,1764,446,560,503,1841,270,1081,939,3605,716
0420,Eidskog,2008,507,440,1798,436,534,506,1857,268,1041,946,3655,704
0420,Eidskog,2009,500,453,1810,427,515,521,1861,265,1015,974,3671,692
0420,Eidskog,2010,478,467,1798,419,494,529,1842,255,972,996,3640,674
0420,Eidskog,2011,470,477,1775,414,467,531,1860,245,937,1008,3635,659
0420,Eidskog,2012,468,498,1776,412,461,537,1843,241,929,1035,3619,653
0420,Eidskog,2013,459,501,1793,400,449,541,1851,244,908,1042,3644,644
0420,Eidskog,2014,448,487,1788,404,445,547,1855,241,893,1034,3643,645
0423,Grue,1999,363,432,1518,425,404,456,1480,316,767,888,2998,741
0423,Grue,2000,365,434,1505,424,403,456,1498,301,768,890,3003,725
0423,Grue,2001,397,409,1532,424,423,459,1527,297,820,868,3059,721
0423,Grue,2002,399,384,1525,420,412,427,1514,285,811,811,3039,705
0423,Grue,2003,406,376,1517,418,417,418,1515,284,823,794,3032,702
0423,Grue,2004,403,351,1504,432,401,394,1500,291,804,745,3004,723
0423,Grue,2005,392,344,1497,438,385,400,1484,280,777,744,2981,718
0423,Grue,2006,410,329,1480,434,372,394,1483,275,782,723,2963,709
0423,Grue,2007,397,315,1474,428,363,391,1476,273,760,706,2950,701
0423,Grue,2008,367,323,1461,420,361,362,1480,261,728,685,2941,681
0423,Grue,2009,355,345,1466,402,362,374,1472,256,717,719,2938,658
0423,Grue,2010,348,361,1479,388,369,379,1474,247,717,740,2953,635
0423,Grue,2011,338,361,1449,384,362,401,1463,238,700,762,2912,622
0423,Grue,2012,327,346,1453,379,344,407,1473,235,671,753,2926,614
0423,Grue,2013,328,369,1449,371,338,406,1477,227,666,775,2926,598
0423,Grue,2014,318,363,1452,357,320,435,1457,223,638,798,2909,580
0425,Åsnes,1999,602,688,2210,559,596,755,2249,410,1198,1443,4459,969
0425,Åsnes,2000,605,665,2221,561,616,702,2272,401,1221,1367,4493,962
0425,Åsnes,2001,596,652,2195,576,609,676,2260,418,1205,1328,4455,994
0425,Åsnes,2002,604,618,2199,597,614,629,2273,421,1218,1247,4472,1018
0425,Åsnes,2003,594,597,2223,589,612,618,2257,418,1206,1215,4480,1007
0425,Åsnes,2004,594,583,2196,600,619,596,2245,426,1213,1179,4441,1026
0425,Åsnes,2005,566,555,2179,581,600,577,2232,422,1166,1132,4411,1003
0425,Åsnes,2006,550,561,2177,573,576,580,2234,410,1126,1141,4411,983
0425,Åsnes,2007,530,568,2167,548,553,558,2223,400,1083,1126,4390,948
0425,Åsnes,2008,518,561,2159,539,544,577,2201,415,1062,1138,4360,954
0425,Åsnes,2009,522,562,2168,538,538,599,2217,419,1060,1161,4385,957
0425,Åsnes,2010,501,584,2162,531,529,613,2210,419,1030,1197,4372,950
0425,Åsnes,2011,496,564,2160,536,523,625,2220,420,1019,1189,4380,956
0425,Åsnes,2012,495,567,2171,519,504,627,2245,417,999,1194,4416,936
0425,Åsnes,2013,484,577,2194,497,524,617,2240,413,1008,1194,4434,910
0425,Åsnes,2014,488,577,2171,491,509,601,2246,402,997,1178,4417,893
0426,Våler (Hedmark),1999,273,366,1125,266,325,358,1186,190,598,724,2311,456
0426,Våler (Hedmark),2000,279,333,1129,265,304,338,1180,193,583,671,2309,458
0426,Våler (Hedmark),2001,278,311,1130,267,320,328,1175,188,598,639,2305,455
0426,Våler (Hedmark),2002,273,298,1134,278,316,333,1175,179,589,631,2309,457
0426,Våler (Hedmark),2003,261,272,1144,275,307,334,1156,181,568,606,2300,456
0426,Våler (Hedmark),2004,246,263,1140,272,303,325,1162,170,549,588,2302,442
0426,Våler (Hedmark),2005,244,267,1146,272,294,314,1173,175,538,581,2319,447
0426,Våler (Hedmark),2006,251,262,1136,278,304,303,1164,176,555,565,2300,454
0426,Våler (Hedmark),2007,256,250,1146,269,296,296,1150,180,552,546,2296,449
0426,Våler (Hedmark),2008,245,251,1145,272,296,292,1169,174,541,543,2314,446
0426,Våler (Hedmark),2009,238,261,1137,267,290,300,1181,169,528,561,2318,436
0426,Våler (Hedmark),2010,237,262,1136,267,297,291,1180,172,534,553,2316,439
0426,Våler (Hedmark),2011,235,271,1139,263,287,305,1166,181,522,576,2305,444
0426,Våler (Hedmark),2012,237,282,1129,257,267,299,1157,182,504,581,2286,439
0426,Våler (Hedmark),2013,237,272,1123,252,261,301,1160,186,498,573,2283,438
0426,Våler (Hedmark),2014,232,263,1126,238,263,305,1155,185,495,568,2281,423
0427,Elverum,1999,1547,1730,4909,924,1526,1743,4748,611,3073,3473,9657,1535
0427,Elverum,2000,1560,1694,4955,967,1597,1672,4795,627,3157,3366,9750,1594
0427,Elverum,2001,1552,1687,5057,976,1614,1659,4887,646,3166,3346,9944,1622
0427,Elverum,2002,1603,1705,5108,998,1653,1627,4979,644,3256,3332,10087,1642
0427,Elverum,2003,1626,1688,5174,1005,1683,1594,5043,634,3309,3282,10217,1639
0427,Elverum,2004,1624,1652,5232,1009,1681,1609,5103,646,3305,3261,10335,1655
0427,Elverum,2005,1622,1653,5274,1013,1707,1594,5124,654,3329,3247,10398,1667
0427,Elverum,2006,1623,1640,5317,1028,1707,1628,5178,658,3330,3268,10495,1686
0427,Elverum,2007,1620,1699,5405,1024,1721,1626,5275,663,3341,3325,10680,1687
0427,Elverum,2008,1629,1704,5468,1031,1725,1671,5330,683,3354,3375,10798,1714
0427,Elverum,2009,1638,1749,5561,1027,1724,1730,5365,686,3362,3479,10926,1713
0427,Elverum,2010,1583,1780,5621,1037,1726,1760,5426,680,3309,3540,11047,1717
0427,Elverum,2011,1563,1869,5640,1027,1702,1875,5443,651,3265,3744,11083,1678
0427,Elverum,2012,1574,1889,5700,1027,1704,1895,5479,676,3278,3784,11179,1703
0427,Elverum,2013,1617,1883,5733,1029,1716,1915,5544,684,3333,3798,11277,1713
0427,Elverum,2014,1651,1922,5807,1021,1716,1951,5604,672,3367,3873,11411,1693
0428,Trysil,1999,546,586,1870,478,576,699,1910,329,1122,1285,3780,807
0428,Trysil,2000,552,571,1875,478,570,679,1935,332,1122,1250,3810,810
0428,Trysil,2001,555,547,1886,472,579,646,1962,325,1134,1193,3848,797
0428,Trysil,2002,553,563,1882,482,568,642,1972,328,1121,1205,3854,810
0428,Trysil,2003,563,544,1890,480,560,636,1963,327,1123,1180,3853,807
0428,Trysil,2004,547,527,1876,486,562,607,1968,331,1109,1134,3844,817
0428,Trysil,2005,529,515,1878,466,535,601,1964,331,1064,1116,3842,797
0428,Trysil,2006,511,522,1869,475,524,594,1954,337,1035,1116,3823,812
0428,Trysil,2007,488,513,1858,468,525,579,1964,326,1013,1092,3822,794
0428,Trysil,2008,494,497,1846,474,514,568,1964,321,1008,1065,3810,795
0428,Trysil,2009,468,517,1829,478,517,577,1990,318,985,1094,3819,796
0428,Trysil,2010,471,538,1826,475,500,593,1989,315,971,1131,3815,790
0428,Trysil,2011,460,531,1843,462,491,599,1991,317,951,1130,3834,779
0428,Trysil,2012,455,535,1865,442,483,600,1996,317,938,1135,3861,759
0428,Trysil,2013,456,522,1875,423,472,598,1977,316,928,1120,3852,739
0428,Trysil,2014,451,513,1872,411,471,575,1967,317,922,1088,3839,728
0429,Åmot,1999,340,399,1191,294,348,411,1223,197,688,810,2414,491
0429,Åmot,2000,316,381,1183,295,351,393,1215,198,667,774,2398,493
0429,Åmot,2001,325,380,1200,286,352,386,1210,204,677,766,2410,490
0429,Åmot,2002,328,371,1182,296,361,389,1206,209,689,760,2388,505
0429,Åmot,2003,326,364,1176,300,364,367,1234,211,690,731,2410,511
0429,Åmot,2004,339,363,1181,302,362,381,1225,213,701,744,2406,515
0429,Åmot,2005,332,346,1188,297,383,347,1253,203,715,693,2441,500
0429,Åmot,2006,317,336,1181,296,390,337,1244,201,707,673,2425,497
0429,Åmot,2007,322,317,1158,293,381,345,1226,188,703,662,2384,481
0429,Åmot,2008,337,314,1164,289,383,376,1237,184,720,690,2401,473
0429,Åmot,2009,321,324,1150,290,377,373,1211,185,698,697,2361,475
0429,Åmot,2010,351,332,1140,272,369,378,1195,189,720,710,2335,461
0429,Åmot,2011,347,344,1142,268,370,421,1188,195,717,765,2330,463
0429,Åmot,2012,343,340,1156,254,377,433,1218,183,720,773,2374,437
0429,Åmot,2013,337,374,1154,246,364,455,1245,165,701,829,2399,411
0429,Åmot,2014,344,386,1162,249,368,467,1262,170,712,853,2424,419
0430,Stor-Elvdal,1999,225,249,783,230,230,269,824,144,455,518,1607,374
0430,Stor-Elvdal,2000,243,251,798,215,243,265,829,143,486,516,1627,358
0430,Stor-Elvdal,2001,245,231,789,220,231,241,820,143,476,472,1609,363
0430,Stor-Elvdal,2002,241,233,781,217,231,243,812,142,472,476,1593,359
0430,Stor-Elvdal,2003,227,230,765,222,221,240,816,133,448,470,1581,355
0430,Stor-Elvdal,2004,227,213,765,206,210,234,820,129,437,447,1585,335
0430,Stor-Elvdal,2005,211,232,758,215,207,231,818,134,418,463,1576,349
0430,Stor-Elvdal,2006,207,233,753,208,204,224,818,130,411,457,1571,338
0430,Stor-Elvdal,2007,180,211,749,189,194,225,796,135,374,436,1545,324
0430,Stor-Elvdal,2008,168,210,753,178,198,227,799,127,366,437,1552,305
0430,Stor-Elvdal,2009,171,217,745,171,190,233,810,127,361,450,1555,298
0430,Stor-Elvdal,2010,179,204,742,171,197,229,801,131,376,433,1543,302
0430,Stor-Elvdal,2011,178,219,738,160,183,248,796,126,361,467,1534,286
0430,Stor-Elvdal,2012,173,223,746,152,186,234,814,123,359,457,1560,275
0430,Stor-Elvdal,2013,157,224,726,157,171,237,821,122,328,461,1547,279
0430,Stor-Elvdal,2014,165,212,715,157,155,300,838,135,320,512,1553,292
0432,Rendalen,1999,150,142,610,205,172,191,603,159,322,333,1213,364
0432,Rendalen,2000,162,145,605,210,184,174,606,158,346,319,1211,368
0432,Rendalen,2001,177,145,607,205,187,170,621,149,364,315,1228,354
0432,Rendalen,2002,165,140,587,200,188,163,609,150,353,303,1196,350
0432,Rendalen,2003,165,143,574,198,169,168,611,147,334,311,1185,345
0432,Rendalen,2004,158,127,562,199,161,169,604,148,319,296,1166,347
0432,Rendalen,2005,151,130,552,194,155,180,596,132,306,310,1148,326
0432,Rendalen,2006,149,145,544,184,143,176,588,136,292,321,1132,320
0432,Rendalen,2007,137,149,538,184,136,176,592,131,273,325,1130,315
0432,Rendalen,2008,132,138,541,182,144,157,598,120,276,295,1139,302
0432,Rendalen,2009,133,137,545,178,140,152,594,113,273,289,1139,291
0432,Rendalen,2010,131,142,543,159,139,163,594,108,270,305,1137,267
0432,Rendalen,2011,132,146,545,158,141,148,581,103,273,294,1126,261
0432,Rendalen,2012,138,133,546,149,132,156,586,106,270,289,1132,255
0432,Rendalen,2013,128,133,547,136,124,155,583,95,252,288,1130,231
0432,Rendalen,2014,121,128,539,135,124,137,593,103,245,265,1132,238
0434,Engerdal,1999,124,119,413,105,127,151,438,77,251,270,851,182
0434,Engerdal,2000,125,123,418,101,134,150,429,77,259,273,847,178
0434,Engerdal,2001,131,117,407,104,134,132,423,77,265,249,830,181
0434,Engerdal,2002,128,115,401,105,144,120,412,76,272,235,813,181
0434,Engerdal,2003,130,116,401,106,139,116,418,71,269,232,819,177
0434,Engerdal,2004,131,102,407,102,129,121,427,69,260,223,834,171
0434,Engerdal,2005,124,107,402,105,128,121,432,66,252,228,834,171
0434,Engerdal,2006,132,110,402,102,133,112,416,73,265,222,818,175
0434,Engerdal,2007,125,107,398,100,128,108,411,74,253,215,809,174
0434,Engerdal,2008,119,109,405,103,127,107,408,71,246,216,813,174
0434,Engerdal,2009,102,111,401,99,125,106,404,72,227,217,805,171
0434,Engerdal,2010,106,108,395,101,130,112,400,71,236,220,795,172
0434,Engerdal,2011,94,110,385,97,122,117,401,68,216,227,786,165
0434,Engerdal,2012,90,98,397,102,112,125,395,63,202,223,792,165
0434,Engerdal,2013,94,93,393,97,111,118,398,63,205,211,791,160
0434,Engerdal,2014,92,92,395,92,100,114,394,62,192,206,789,154
0436,Tolga,1999,170,163,437,131,221,151,450,81,391,314,887,212
0436,Tolga,2000,183,148,435,129,225,149,445,81,408,297,880,210
0436,Tolga,2001,184,144,443,127,211,162,446,84,395,306,889,211
0436,Tolga,2002,181,142,439,125,218,155,451,81,399,297,890,206
0436,Tolga,2003,169,150,444,120,216,157,446,78,385,307,890,198
0436,Tolga,2004,161,150,439,123,215,156,437,79,376,306,876,202
0436,Tolga,2005,154,152,439,121,207,169,442,78,361,321,881,199
0436,Tolga,2006,150,152,439,111,192,174,448,74,342,326,887,185
0436,Tolga,2007,143,152,434,101,178,174,434,76,321,326,868,177
0436,Tolga,2008,149,148,424,101,169,182,429,73,318,330,853,174
0436,Tolga,2009,144,141,426,99,163,186,428,76,307,327,854,175
0436,Tolga,2010,127,147,424,103,160,179,436,70,287,326,860,173
0436,Tolga,2011,134,153,429,104,166,188,427,69,300,341,856,173
0436,Tolga,2012,126,157,434,99,165,183,444,64,291,340,878,163
0436,Tolga,2013,124,152,437,99,149,189,450,65,273,341,887,164
0436,Tolga,2014,111,160,429,98,147,182,447,68,258,342,876,166
0437,Tynset,1999,494,485,1406,296,493,520,1436,201,987,1005,2842,497
0437,Tynset,2000,511,492,1406,303,496,521,1457,204,1007,1013,2863,507
0437,Tynset,2001,521,480,1419,295,496,502,1460,209,1017,982,2879,504
0437,Tynset,2002,520,475,1428,289,485,500,1450,219,1005,975,2878,508
0437,Tynset,2003,514,485,1436,287,491,467,1475,210,1005,952,2911,497
0437,Tynset,2004,517,483,1448,299,491,472,1479,208,1008,955,2927,507
0437,Tynset,2005,509,469,1438,311,478,463,1479,207,987,932,2917,518
0437,Tynset,2006,502,467,1439,305,465,472,1467,205,967,939,2906,510
0437,Tynset,2007,489,478,1433,309,458,477,1449,211,947,955,2882,520
0437,Tynset,2008,493,486,1441,302,470,496,1448,214,963,982,2889,516
0437,Tynset,2009,485,491,1449,293,476,485,1456,209,961,976,2905,502
0437,Tynset,2010,486,506,1477,289,487,508,1457,207,973,1014,2934,496
0437,Tynset,2011,494,501,1475,283,484,514,1471,204,978,1015,2946,487
0437,Tynset,2012,508,519,1477,282,485,555,1487,197,993,1074,2964,479
0437,Tynset,2013,492,524,1489,281,489,531,1507,201,981,1055,2996,482
0437,Tynset,2014,490,514,1483,287,480,527,1526,192,970,1041,3009,479
0438,Alvdal,1999,230,203,624,131,244,224,625,100,474,427,1249,231
0438,Alvdal,2000,231,208,626,142,243,220,619,97,474,428,1245,239
0438,Alvdal,2001,217,214,631,144,246,217,621,100,463,431,1252,244
0438,Alvdal,2002,221,207,624,150,235,232,615,101,456,439,1239,251
0438,Alvdal,2003,220,208,635,152,235,229,611,106,455,437,1246,258
0438,Alvdal,2004,213,204,633,151,233,224,610,107,446,428,1243,258
0438,Alvdal,2005,208,217,625,149,243,219,617,111,451,436,1242,260
0438,Alvdal,2006,209,214,614,150,225,221,619,117,434,435,1233,267
0438,Alvdal,2007,215,223,621,152,217,223,630,112,432,446,1251,264
0438,Alvdal,2008,216,208,627,156,218,220,634,111,434,428,1261,267
0438,Alvdal,2009,205,200,619,163,220,215,639,107,425,415,1258,270
0438,Alvdal,2010,205,213,622,164,231,215,653,103,436,428,1275,267
0438,Alvdal,2011,208,216,627,168,234,225,649,100,442,441,1276,268
0438,Alvdal,2012,206,212,632,160,229,221,646,96,435,433,1278,256
0438,Alvdal,2013,207,213,644,146,236,224,653,91,443,437,1297,237
0438,Alvdal,2014,206,214,643,139,229,229,652,90,435,443,1295,229
0439,Folldal,1999,128,153,465,127,166,186,476,92,294,339,941,219
0439,Folldal,2000,141,154,464,128,174,177,472,93,315,331,936,221
0439,Folldal,2001,143,152,465,126,172,175,475,82,315,327,940,208
0439,Folldal,2002,141,133,461,127,174,156,468,77,315,289,929,204
0439,Folldal,2003,142,131,454,131,181,157,472,79,323,288,926,210
0439,Folldal,2004,132,131,442,129,169,165,471,83,301,296,913,212
0439,Folldal,2005,128,122,446,123,167,162,482,80,295,284,928,203
0439,Folldal,2006,122,125,456,122,172,154,482,77,294,279,938,199
0439,Folldal,2007,121,123,452,119,161,148,477,77,282,271,929,196
0439,Folldal,2008,120,116,454,118,152,150,478,74,272,266,932,192
0439,Folldal,2009,117,118,448,118,148,149,479,73,265,267,927,191
0439,Folldal,2010,120,112,453,120,141,151,490,68,261,263,943,188
0439,Folldal,2011,116,104,464,111,143,142,489,75,259,246,953,186
0439,Folldal,2012,121,108,453,108,134,144,486,73,255,252,939,181
0439,Folldal,2013,124,99,461,110,134,146,489,72,258,245,950,182
0439,Folldal,2014,113,102,453,111,133,150,483,72,246,252,936,183
0441,Os (Hedmark),1999,193,196,521,118,200,208,539,81,393,404,1060,199
0441,Os (Hedmark),2000,211,184,547,122,208,207,564,80,419,391,1111,202
0441,Os (Hedmark),2001,205,194,562,114,224,208,570,77,429,402,1132,191
0441,Os (Hedmark),2002,199,176,554,115,211,209,578,80,410,385,1132,195
0441,Os (Hedmark),2003,203,172,543,121,202,210,577,80,405,382,1120,201
0441,Os (Hedmark),2004,202,166,535,126,215,195,583,83,417,361,1118,209
0441,Os (Hedmark),2005,211,152,539,123,210,184,569,82,421,336,1108,205
0441,Os (Hedmark),2006,202,147,537,123,218,176,567,82,420,323,1104,205
0441,Os (Hedmark),2007,198,151,537,116,212,188,567,79,410,339,1104,195
0441,Os (Hedmark),2008,181,150,534,119,207,185,572,81,388,335,1106,200
0441,Os (Hedmark),2009,172,157,532,116,204,190,572,85,376,347,1104,201
0441,Os (Hedmark),2010,166,167,531,113,204,185,566,87,370,352,1097,200
0441,Os (Hedmark),2011,151,182,540,113,186,193,580,83,337,375,1120,196
0441,Os (Hedmark),2012,153,182,545,109,176,194,577,86,329,376,1122,195
0441,Os (Hedmark),2013,154,178,549,109,169,194,584,85,323,372,1133,194
0441,Os (Hedmark),2014,139,183,541,114,157,199,578,86,296,382,1119,200
0501,Lillehammer,1999,1968,2300,6928,1321,2184,2307,6460,773,4152,4607,13388,2094
0501,Lillehammer,2000,2025,2256,6994,1348,2211,2268,6506,814,4236,4524,13500,2162
0501,Lillehammer,2001,2086,2210,7069,1366,2224,2236,6593,806,4310,4446,13662,2172
0501,Lillehammer,2002,2077,2149,7080,1393,2228,2215,6556,827,4305,4364,13636,2220
0501,Lillehammer,2003,2113,2157,7112,1395,2256,2229,6561,857,4369,4386,13673,2252
0501,Lillehammer,2004,2101,2166,7146,1412,2248,2237,6612,873,4349,4403,13758,2285
0501,Lillehammer,2005,2093,2184,7150,1419,2237,2227,6635,864,4330,4411,13785,2283
0501,Lillehammer,2006,2091,2218,7234,1408,2232,2283,6717,856,4323,4501,13951,2264
0501,Lillehammer,2007,2069,2264,7280,1420,2232,2345,6795,866,4301,4609,14075,2286
0501,Lillehammer,2008,2058,2301,7373,1393,2199,2463,6850,882,4257,4764,14223,2275
0501,Lillehammer,2009,2067,2411,7400,1396,2192,2522,6926,873,4259,4933,14326,2269
0501,Lillehammer,2010,2090,2542,7422,1395,2204,2603,7006,870,4294,5145,14428,2265
0501,Lillehammer,2011,2053,2626,7487,1401,2181,2665,7047,856,4234,5291,14534,2257
0501,Lillehammer,2012,2047,2616,7527,1412,2170,2743,7110,860,4217,5359,14637,2272
0501,Lillehammer,2013,2049,2676,7534,1411,2185,2734,7136,874,4234,5410,14670,2285
0501,Lillehammer,2014,2014,2745,7591,1409,2173,2771,7210,886,4187,5516,14801,2295
0502,Gjøvik,1999,2178,2530,7514,1460,2254,2676,7198,841,4432,5206,14712,2301
0502,Gjøvik,2000,2207,2436,7558,1482,2281,2615,7237,846,4488,5051,14795,2328
0502,Gjøvik,2001,2245,2451,7573,1493,2329,2571,7326,861,4574,5022,14899,2354
0502,Gjøvik,2002,2252,2350,7623,1527,2313,2477,7392,874,4565,4827,15015,2401
0502,Gjøvik,2003,2247,2375,7665,1555,2362,2484,7456,889,4609,4859,15121,2444
0502,Gjøvik,2004,2264,2371,7741,1542,2383,2491,7535,886,4647,4862,15276,2428
0502,Gjøvik,2005,2268,2398,7770,1562,2413,2485,7591,892,4681,4883,15361,2454
0502,Gjøvik,2006,2244,2448,7830,1570,2405,2465,7665,892,4649,4913,15495,2462
0502,Gjøvik,2007,2264,2399,7883,1578,2385,2522,7698,914,4649,4921,15581,2492
0502,Gjøvik,2008,2271,2524,7922,1547,2389,2631,7772,937,4660,5155,15694,2484
0502,Gjøvik,2009,2258,2566,8021,1560,2396,2674,7899,938,4654,5240,15920,2498
0502,Gjøvik,2010,2279,2519,8118,1513,2418,2704,7972,964,4697,5223,16090,2477
0502,Gjøvik,2011,2280,2602,8166,1505,2423,2727,7997,949,4703,5329,16163,2454
0502,Gjøvik,2012,2254,2662,8213,1507,2426,2811,8087,935,4680,5473,16300,2442
0502,Gjøvik,2013,2232,2720,8237,1472,2413,2889,8217,907,4645,5609,16454,2379
0502,Gjøvik,2014,2241,2729,8345,1471,2404,2944,8317,919,4645,5673,16662,2390
0511,Dovre,1999,221,276,779,182,244,260,787,124,465,536,1566,306
0511,Dovre,2000,212,254,766,177,257,240,783,126,469,494,1549,303
0511,Dovre,2001,218,245,776,183,263,236,784,132,481,481,1560,315
0511,Dovre,2002,222,244,802,184,271,229,791,121,493,473,1593,305
0511,Dovre,2003,227,217,825,181,275,219,801,119,502,436,1626,300
0511,Dovre,2004,220,222,811,187,265,226,807,114,485,448,1618,301
0511,Dovre,2005,228,214,804,193,256,223,812,121,484,437,1616,314
0511,Dovre,2006,222,214,794,188,247,221,801,118,469,435,1595,306
0511,Dovre,2007,214,222,790,185,231,230,793,124,445,452,1583,309
0511,Dovre,2008,211,205,789,193,228,229,775,122,439,434,1564,315
0511,Dovre,2009,212,194,792,195,229,235,774,123,441,429,1566,318
0511,Dovre,2010,196,207,792,194,229,240,774,119,425,447,1566,313
0511,Dovre,2011,189,212,773,192,227,242,769,112,416,454,1542,304
0511,Dovre,2012,192,215,757,190,218,259,777,112,410,474,1534,302
0511,Dovre,2013,185,217,759,180,207,268,775,114,392,485,1534,294
0511,Dovre,2014,193,205,769,176,191,272,764,115,384,477,1533,291
0512,Lesja,1999,196,182,591,148,211,217,603,103,407,399,1194,251
0512,Lesja,2000,204,179,586,154,210,227,612,104,414,406,1198,258
0512,Lesja,2001,200,178,577,149,198,209,602,96,398,387,1179,245
0512,Lesja,2002,193,179,577,144,190,206,600,94,383,385,1177,238
0512,Lesja,2003,191,192,582,136,190,208,605,95,381,400,1187,231
0512,Lesja,2004,192,179,569,139,195,204,608,97,387,383,1177,236
0512,Lesja,2005,183,193,552,140,193,199,602,97,376,392,1154,237
0512,Lesja,2006,170,184,563,138,194,208,603,94,364,392,1166,232
0512,Lesja,2007,172,176,558,137,181,203,598,94,353,379,1156,231
0512,Lesja,2008,173,176,563,133,195,207,604,97,368,383,1167,230
0512,Lesja,2009,168,179,574,126,197,208,602,93,365,387,1176,219
0512,Lesja,2010,169,184,567,132,199,201,609,95,368,385,1176,227
0512,Lesja,2011,170,181,571,140,197,194,618,93,367,375,1189,233
0512,Lesja,2012,167,191,562,143,204,192,617,97,371,383,1179,240
0512,Lesja,2013,169,183,550,140,192,195,604,100,361,378,1154,240
0512,Lesja,2014,161,174,548,131,182,182,592,98,343,356,1140,229
0513,Skjåk,1999,172,238,600,171,186,215,676,108,358,453,1276,279
0513,Skjåk,2000,177,230,612,158,186,213,678,115,363,443,1290,273
0513,Skjåk,2001,174,221,615,161,178,224,681,113,352,445,1296,274
0513,Skjåk,2002,186,211,618,163,182,207,682,108,368,418,1300,271
0513,Skjåk,2003,186,222,631,154,190,205,681,109,376,427,1312,263
0513,Skjåk,2004,185,210,629,151,188,206,682,106,373,416,1311,257
0513,Skjåk,2005,200,206,629,151,184,203,701,102,384,409,1330,253
0513,Skjåk,2006,203,196,623,156,174,204,686,110,377,400,1309,266
0513,Skjåk,2007,197,180,613,152,171,207,682,111,368,387,1295,263
0513,Skjåk,2008,196,174,615,152,177,206,681,106,373,380,1296,258
0513,Skjåk,2009,193,172,622,146,172,202,686,94,365,374,1308,240
0513,Skjåk,2010,183,178,615,140,173,195,672,92,356,373,1287,232
0513,Skjåk,2011,173,179,628,141,176,214,683,87,349,393,1311,228
0513,Skjåk,2012,179,178,623,146,170,206,687,95,349,384,1310,241
0513,Skjåk,2013,179,169,621,143,166,192,704,98,345,361,1325,241
0513,Skjåk,2014,167,167,630,141,160,185,697,95,327,352,1327,236
0514,Lom,1999,189,221,649,157,230,255,707,113,419,476,1356,270
0514,Lom,2000,195,218,652,157,233,258,715,115,428,476,1367,272
0514,Lom,2001,197,207,663,156,236,256,726,107,433,463,1389,263
0514,Lom,2002,188,206,653,156,234,241,715,103,422,447,1368,259
0514,Lom,2003,193,195,647,147,229,240,704,104,422,435,1351,251
0514,Lom,2004,186,202,652,141,225,241,715,104,411,443,1367,245
0514,Lom,2005,191,178,660,139,219,233,708,112,410,411,1368,251
0514,Lom,2006,193,177,651,146,215,234,709,109,408,411,1360,255
0514,Lom,2007,195,168,654,137,208,242,697,107,403,410,1351,244
0514,Lom,2008,196,172,650,136,206,233,694,107,402,405,1344,243
0514,Lom,2009,189,169,650,135,199,230,701,109,388,399,1351,244
0514,Lom,2010,191,171,653,134,193,238,696,111,384,409,1349,245
0514,Lom,2011,180,193,645,139,185,226,694,117,365,419,1339,256
0514,Lom,2012,176,196,648,136,175,227,692,114,351,423,1340,250
0514,Lom,2013,162,193,652,136,177,224,697,108,339,417,1349,244
0514,Lom,2014,162,181,654,131,180,221,697,107,342,402,1351,238
0515,Vågå,1999,292,326,1014,226,319,394,1065,159,611,720,2079,385
0515,Vågå,2000,294,316,1026,229,305,397,1052,161,599,713,2078,390
0515,Vågå,2001,305,304,1024,240,290,395,1063,158,595,699,2087,398
0515,Vågå,2002,309,308,998,250,307,371,1060,171,616,679,2058,421
0515,Vågå,2003,306,291,1002,256,318,357,1055,173,624,648,2057,429
0515,Vågå,2004,314,289,999,259,321,343,1064,174,635,632,2063,433
0515,Vågå,2005,319,285,1000,256,320,350,1051,165,639,635,2051,421
0515,Vågå,2006,309,295,1003,250,312,337,1055,164,621,632,2058,414
0515,Vågå,2007,299,284,1009,240,305,330,1048,167,604,614,2057,407
0515,Vågå,2008,302,282,1015,236,309,332,1029,178,611,614,2044,414
0515,Vågå,2009,293,300,1022,221,308,317,1033,178,601,617,2055,399
0515,Vågå,2010,295,290,1025,227,305,313,1056,178,600,603,2081,405
0515,Vågå,2011,286,300,1024,230,300,310,1042,181,586,610,2066,411
0515,Vågå,2012,295,296,1031,222,293,330,1061,170,588,626,2092,392
0515,Vågå,2013,282,301,1024,221,298,319,1057,175,580,620,2081,396
0515,Vågå,2014,278,295,1029,220,300,305,1059,171,578,600,2088,391
0517,Sel,1999,516,576,1650,291,550,642,1707,224,1066,1218,3357,515
0517,Sel,2000,520,571,1661,307,564,628,1713,240,1084,1199,3374,547
0517,Sel,2001,498,560,1654,318,579,582,1719,242,1077,1142,3373,560
0517,Sel,2002,502,524,1659,323,580,546,1713,251,1082,1070,3372,574
0517,Sel,2003,497,508,1653,323,567,546,1692,250,1064,1054,3345,573
0517,Sel,2004,513,496,1640,329,561,540,1697,256,1074,1036,3337,585
0517,Sel,2005,511,490,1643,340,546,537,1688,253,1057,1027,3331,593
0517,Sel,2006,504,466,1673,341,531,539,1710,256,1035,1005,3383,597
0517,Sel,2007,494,472,1673,352,536,547,1695,267,1030,1019,3368,619
0517,Sel,2008,491,454,1663,351,513,515,1686,272,1004,969,3349,623
0517,Sel,2009,474,473,1656,359,510,521,1698,262,984,994,3354,621
0517,Sel,2010,465,493,1639,362,498,527,1693,267,963,1020,3332,629
0517,Sel,2011,449,485,1643,358,480,546,1710,273,929,1031,3353,631
0517,Sel,2012,462,465,1652,352,486,541,1708,273,948,1006,3360,625
0517,Sel,2013,442,464,1654,353,470,539,1711,270,912,1003,3365,623
0517,Sel,2014,431,495,1662,348,447,565,1723,267,878,1060,3385,615
0519,Sør-Fron,1999,273,275,866,216,302,329,908,154,575,604,1774,370
0519,Sør-Fron,2000,262,270,867,224,300,314,899,154,562,584,1766,378
0519,Sør-Fron,2001,263,266,872,231,298,295,914,152,561,561,1786,383
0519,Sør-Fron,2002,276,259,866,232,305,278,933,146,581,537,1799,378
0519,Sør-Fron,2003,274,250,884,222,307,266,940,151,581,516,1824,373
0519,Sør-Fron,2004,270,256,866,227,303,261,924,155,573,517,1790,382
0519,Sør-Fron,2005,276,251,873,217,297,253,922,154,573,504,1795,371
0519,Sør-Fron,2006,261,245,877,214,280,262,904,160,541,507,1781,374
0519,Sør-Fron,2007,248,240,866,221,271,264,912,154,519,504,1778,375
0519,Sør-Fron,2008,241,246,872,210,264,258,898,154,505,504,1770,364
0519,Sør-Fron,2009,239,252,870,206,265,279,890,146,504,531,1760,352
0519,Sør-Fron,2010,246,257,867,205,272,283,867,149,518,540,1734,354
0519,Sør-Fron,2011,245,273,862,209,261,287,884,144,506,560,1746,353
0519,Sør-Fron,2012,257,262,866,200,266,293,895,138,523,555,1761,338
0519,Sør-Fron,2013,261,248,851,198,258,309,910,129,519,557,1761,327
0519,Sør-Fron,2014,258,244,861,194,252,299,920,133,510,543,1781,327
0520,Ringebu,1999,392,392,1245,323,398,483,1268,260,790,875,2513,583
0520,Ringebu,2000,386,383,1233,327,391,448,1277,253,777,831,2510,580
0520,Ringebu,2001,376,401,1236,319,386,434,1280,250,762,835,2516,569
0520,Ringebu,2002,376,397,1239,311,376,419,1271,261,752,816,2510,572
0520,Ringebu,2003,373,369,1239,306,384,415,1259,256,757,784,2498,562
0520,Ringebu,2004,363,350,1236,311,382,410,1274,244,745,760,2510,555
0520,Ringebu,2005,359,344,1237,316,386,393,1266,241,745,737,2503,557
0520,Ringebu,2006,370,337,1243,309,366,396,1270,234,736,733,2513,543
0520,Ringebu,2007,371,339,1250,305,359,400,1264,231,730,739,2514,536
0520,Ringebu,2008,355,351,1231,300,356,401,1280,220,711,752,2511,520
0520,Ringebu,2009,353,358,1251,278,350,388,1304,216,703,746,2555,494
0520,Ringebu,2010,356,356,1245,274,332,415,1305,211,688,771,2550,485
0520,Ringebu,2011,370,381,1257,269,330,410,1297,206,700,791,2554,475
0520,Ringebu,2012,360,388,1250,266,317,414,1307,212,677,802,2557,478
0520,Ringebu,2013,337,386,1254,261,317,388,1307,209,654,774,2561,470
0520,Ringebu,2014,328,372,1249,263,323,396,1319,200,651,768,2568,463
0521,Øyer,1999,464,410,1288,236,480,452,1311,143,944,862,2599,379
0521,Øyer,2000,455,430,1298,227,490,442,1322,145,945,872,2620,372
0521,Øyer,2001,457,408,1302,217,485,436,1335,158,942,844,2637,375
0521,Øyer,2002,471,397,1326,224,490,442,1361,164,961,839,2687,388
0521,Øyer,2003,469,378,1338,222,491,412,1367,164,960,790,2705,386
0521,Øyer,2004,448,378,1336,230,500,407,1370,167,948,785,2706,397
0521,Øyer,2005,427,393,1316,229,472,430,1353,176,899,823,2669,405
0521,Øyer,2006,421,384,1321,232,469,423,1376,178,890,807,2697,410
0521,Øyer,2007,425,398,1331,227,460,451,1370,180,885,849,2701,407
0521,Øyer,2008,417,402,1344,225,439,473,1397,186,856,875,2741,411
0521,Øyer,2009,416,406,1342,224,422,476,1415,178,838,882,2757,402
0521,Øyer,2010,416,429,1357,225,403,504,1441,180,819,933,2798,405
0521,Øyer,2011,415,454,1379,218,413,516,1463,185,828,970,2842,403
0521,Øyer,2012,402,461,1379,223,399,529,1474,184,801,990,2853,407
0521,Øyer,2013,394,458,1384,221,388,540,1499,174,782,998,2883,395
0521,Øyer,2014,388,468,1374,235,365,550,1482,187,753,1018,2856,422
0522,Gausdal,1999,517,579,1645,326,539,584,1703,269,1056,1163,3348,595
0522,Gausdal,2000,515,552,1655,335,534,553,1707,277,1049,1105,3362,612
0522,Gausdal,2001,506,549,1649,340,561,536,1710,278,1067,1085,3359,618
0522,Gausdal,2002,517,504,1670,333,568,536,1708,288,1085,1040,3378,621
0522,Gausdal,2003,516,495,1672,339,581,521,1736,278,1097,1016,3408,617
0522,Gausdal,2004,508,481,1696,347,564,514,1735,278,1072,995,3431,625
0522,Gausdal,2005,505,485,1700,355,574,506,1744,257,1079,991,3444,612
0522,Gausdal,2006,504,491,1703,356,566,505,1743,264,1070,996,3446,620
0522,Gausdal,2007,488,489,1690,363,555,496,1711,267,1043,985,3401,630
0522,Gausdal,2008,497,488,1690,366,548,500,1725,265,1045,988,3415,631
0522,Gausdal,2009,472,482,1679,361,520,514,1729,268,992,996,3408,629
0522,Gausdal,2010,471,488,1697,371,528,546,1714,273,999,1034,3411,644
0522,Gausdal,2011,468,480,1694,368,522,554,1733,268,990,1034,3427,636
0522,Gausdal,2012,462,479,1713,357,514,564,1745,270,976,1043,3458,627
0522,Gausdal,2013,435,497,1704,360,512,551,1760,270,947,1048,3464,630
0522,Gausdal,2014,439,498,1723,358,518,576,1798,276,957,1074,3521,634
0528,Østre Toten,1999,1117,1217,3767,823,1189,1372,3851,532,2306,2589,7618,1355
0528,Østre Toten,2000,1125,1209,3793,828,1229,1338,3886,552,2354,2547,7679,1380
0528,Østre Toten,2001,1151,1185,3829,833,1224,1301,3911,559,2375,2486,7740,1392
0528,Østre Toten,2002,1168,1121,3888,839,1228,1297,3919,568,2396,2418,7807,1407
0528,Østre Toten,2003,1244,1140,4026,876,1302,1259,4078,573,2546,2399,8104,1449
0528,Østre Toten,2004,1238,1123,4063,886,1295,1227,4122,560,2533,2350,8185,1446
0528,Østre Toten,2005,1215,1081,4095,887,1272,1209,4138,549,2487,2290,8233,1436
0528,Østre Toten,2006,1203,1098,4056,894,1227,1168,4145,547,2430,2266,8201,1441
0528,Østre Toten,2007,1175,1064,4083,884,1242,1141,4116,550,2417,2205,8199,1434
0528,Østre Toten,2008,1165,1088,4094,884,1232,1189,4109,555,2397,2277,8203,1439
0528,Østre Toten,2009,1142,1122,4078,898,1210,1200,4138,548,2352,2322,8216,1446
0528,Østre Toten,2010,1138,1166,4096,862,1191,1219,4161,541,2329,2385,8257,1403
0528,Østre Toten,2011,1158,1148,4141,846,1168,1251,4195,551,2326,2399,8336,1397
0528,Østre Toten,2012,1131,1198,4182,836,1152,1312,4252,552,2283,2510,8434,1388
0528,Østre Toten,2013,1108,1176,4211,812,1132,1335,4284,560,2240,2511,8495,1372
0528,Østre Toten,2014,1090,1193,4194,807,1139,1335,4314,561,2229,2528,8508,1368
0529,Vestre Toten,1999,1029,1235,3570,648,1077,1335,3627,419,2106,2570,7197,1067
0529,Vestre Toten,2000,1036,1222,3567,643,1102,1284,3634,421,2138,2506,7201,1064
0529,Vestre Toten,2001,1071,1189,3602,643,1129,1225,3678,432,2200,2414,7280,1075
0529,Vestre Toten,2002,1105,1168,3612,657,1164,1181,3701,426,2269,2349,7313,1083
0529,Vestre Toten,2003,1056,1044,3526,618,1139,1097,3595,413,2195,2141,7121,1031
0529,Vestre Toten,2004,1071,993,3538,605,1140,1089,3590,422,2211,2082,7128,1027
0529,Vestre Toten,2005,1068,960,3562,602,1145,1052,3616,423,2213,2012,7178,1025
0529,Vestre Toten,2006,1048,969,3573,606,1132,1057,3670,419,2180,2026,7243,1025
0529,Vestre Toten,2007,1040,937,3613,613,1101,1024,3704,428,2141,1961,7317,1041
0529,Vestre Toten,2008,1021,954,3622,623,1082,1054,3730,444,2103,2008,7352,1067
0529,Vestre Toten,2009,1006,1024,3624,623,1061,1077,3746,422,2067,2101,7370,1045
0529,Vestre Toten,2010,1011,1044,3639,617,1050,1090,3759,432,2061,2134,7398,1049
0529,Vestre Toten,2011,1021,1018,3681,617,1037,1100,3772,436,2058,2118,7453,1053
0529,Vestre Toten,2012,1047,1010,3735,620,1021,1124,3814,447,2068,2134,7549,1067
0529,Vestre Toten,2013,1014,1043,3752,607,1035,1137,3816,460,2049,2180,7568,1067
0529,Vestre Toten,2014,1027,1051,3748,617,1049,1161,3840,464,2076,2212,7588,1081
0532,Jevnaker,1999,541,517,1596,334,542,572,1601,218,1083,1089,3197,552
0532,Jevnaker,2000,548,512,1615,342,563,527,1622,209,1111,1039,3237,551
0532,Jevnaker,2001,551,521,1640,337,570,537,1641,204,1121,1058,3281,541
0532,Jevnaker,2002,574,548,1685,331,595,524,1691,197,1169,1072,3376,528
0532,Jevnaker,2003,598,543,1723,338,601,516,1719,191,1199,1059,3442,529
0532,Jevnaker,2004,607,512,1775,328,607,494,1751,192,1214,1006,3526,520
0532,Jevnaker,2005,598,524,1784,324,591,488,1753,202,1189,1012,3537,526
0532,Jevnaker,2006,584,511,1774,320,588,513,1742,210,1172,1024,3516,530
0532,Jevnaker,2007,573,520,1754,315,558,524,1723,209,1131,1044,3477,524
0532,Jevnaker,2008,574,511,1769,317,560,523,1728,213,1134,1034,3497,530
0532,Jevnaker,2009,574,501,1794,312,534,525,1743,199,1108,1026,3537,511
0532,Jevnaker,2010,552,524,1790,299,545,536,1762,192,1097,1060,3552,491
0532,Jevnaker,2011,559,528,1828,294,538,558,1777,199,1097,1086,3605,493
0532,Jevnaker,2012,549,548,1855,295,550,587,1820,202,1099,1135,3675,497
0532,Jevnaker,2013,539,542,1849,294,542,615,1796,207,1081,1157,3645,501
0532,Jevnaker,2014,539,541,1871,305,516,620,1831,228,1055,1161,3702,533
0533,Lunner,1999,780,819,2188,302,810,829,2190,203,1590,1648,4378,505
0533,Lunner,2000,781,795,2228,305,807,826,2237,207,1588,1621,4465,512
0533,Lunner,2001,804,769,2287,300,832,859,2275,210,1636,1628,4562,510
0533,Lunner,2002,797,745,2328,305,823,839,2294,216,1620,1584,4622,521
0533,Lunner,2003,794,728,2347,324,805,807,2329,222,1599,1535,4676,546
0533,Lunner,2004,810,700,2366,330,800,807,2345,221,1610,1507,4711,551
0533,Lunner,2005,811,717,2349,342,785,817,2370,214,1596,1534,4719,556
0533,Lunner,2006,799,720,2364,344,774,817,2397,212,1573,1537,4761,556
0533,Lunner,2007,773,727,2380,343,796,775,2427,202,1569,1502,4807,545
0533,Lunner,2008,766,735,2392,345,789,799,2454,217,1555,1534,4846,562
0533,Lunner,2009,744,740,2400,341,768,765,2479,218,1512,1505,4879,559
0533,Lunner,2010,742,727,2449,342,782,743,2518,222,1524,1470,4967,564
0533,Lunner,2011,733,734,2459,339,770,767,2538,222,1503,1501,4997,561
0533,Lunner,2012,750,754,2507,333,770,779,2566,234,1520,1533,5073,567
0533,Lunner,2013,752,763,2559,323,775,792,2596,220,1527,1555,5155,543
0533,Lunner,2014,757,774,2563,322,784,794,2645,218,1541,1568,5208,540
0534,Gran,1999,1066,1121,3437,711,1087,1241,3413,494,2153,2362,6850,1205
0534,Gran,2000,1094,1120,3490,728,1110,1219,3473,493,2204,2339,6963,1221
0534,Gran,2001,1118,1093,3512,751,1125,1202,3549,504,2243,2295,7061,1255
0534,Gran,2002,1146,1068,3535,764,1136,1157,3596,489,2282,2225,7131,1253
0534,Gran,2003,1177,1045,3553,767,1137,1141,3637,484,2314,2186,7190,1251
0534,Gran,2004,1169,1043,3564,746,1127,1134,3667,490,2296,2177,7231,1236
0534,Gran,2005,1173,1006,3590,739,1109,1127,3646,497,2282,2133,7236,1236
0534,Gran,2006,1148,1014,3621,746,1100,1136,3667,503,2248,2150,7288,1249
0534,Gran,2007,1138,1038,3648,745,1085,1135,3665,508,2223,2173,7313,1253
0534,Gran,2008,1152,1035,3688,736,1096,1154,3681,525,2248,2189,7369,1261
0534,Gran,2009,1118,1062,3714,719,1105,1141,3724,500,2223,2203,7438,1219
0534,Gran,2010,1122,1076,3753,708,1115,1166,3785,491,2237,2242,7538,1199
0534,Gran,2011,1114,1114,3769,715,1121,1177,3807,478,2235,2291,7576,1193
0534,Gran,2012,1122,1124,3784,713,1120,1189,3851,466,2242,2313,7635,1179
0534,Gran,2013,1096,1136,3813,707,1133,1183,3895,462,2229,2319,7708,1169
0534,Gran,2014,1070,1184,3820,695,1122,1192,3935,452,2192,2376,7755,1147
0536,Søndre Land,1999,485,482,1667,383,527,518,1691,245,1012,1000,3358,628
0536,Søndre Land,2000,493,462,1665,384,540,496,1699,249,1033,958,3364,633
0536,Søndre Land,2001,515,461,1668,379,560,500,1703,249,1075,961,3371,628
0536,Søndre Land,2002,513,460,1661,384,566,497,1718,226,1079,957,3379,610
0536,Søndre Land,2003,514,474,1670,371,562,487,1756,240,1076,961,3426,611
0536,Søndre Land,2004,506,448,1666,364,553,464,1753,238,1059,912,3419,602
0536,Søndre Land,2005,495,449,1678,354,527,457,1746,241,1022,906,3424,595
0536,Søndre Land,2006,489,439,1685,347,526,454,1731,246,1015,893,3416,593
0536,Søndre Land,2007,482,457,1669,336,530,441,1728,244,1012,898,3397,580
0536,Søndre Land,2008,450,446,1675,324,512,452,1718,228,962,898,3393,552
0536,Søndre Land,2009,435,438,1658,310,495,453,1724,225,930,891,3382,535
0536,Søndre Land,2010,431,455,1642,307,479,490,1737,208,910,945,3379,515
0536,Søndre Land,2011,438,457,1640,301,490,510,1762,203,928,967,3402,504
0536,Søndre Land,2012,421,465,1632,291,462,511,1733,204,883,976,3365,495
0536,Søndre Land,2013,401,448,1610,311,432,516,1721,205,833,964,3331,516
0536,Søndre Land,2014,395,450,1621,303,433,519,1728,209,828,969,3349,512
0538,Nordre Land,1999,528,591,1867,449,590,654,1904,298,1118,1245,3771,747
0538,Nordre Land,2000,540,577,1883,445,598,647,1911,285,1138,1224,3794,730
0538,Nordre Land,2001,551,572,1885,434,576,620,1926,271,1127,1192,3811,705
0538,Nordre Land,2002,547,567,1906,431,594,593,1924,277,1141,1160,3830,708
0538,Nordre Land,2003,546,547,1922,431,582,592,1929,272,1128,1139,3851,703
0538,Nordre Land,2004,562,555,1929,420,570,588,1942,280,1132,1143,3871,700
0538,Nordre Land,2005,554,540,1935,419,561,565,1928,283,1115,1105,3863,702
0538,Nordre Land,2006,540,513,1927,414,532,563,1905,287,1072,1076,3832,701
0538,Nordre Land,2007,521,500,1934,410,522,579,1904,291,1043,1079,3838,701
0538,Nordre Land,2008,521,490,1918,409,512,553,1891,286,1033,1043,3809,695
0538,Nordre Land,2009,515,496,1934,416,504,569,1906,271,1019,1065,3840,687
0538,Nordre Land,2010,512,496,1942,399,496,579,1891,282,1008,1075,3833,681
0538,Nordre Land,2011,515,512,1954,396,496,604,1896,278,1011,1116,3850,674
0538,Nordre Land,2012,510,544,1937,402,494,614,1925,284,1004,1158,3862,686
0538,Nordre Land,2013,529,540,1934,389,483,623,1923,276,1012,1163,3857,665
0538,Nordre Land,2014,505,565,1916,378,464,624,1916,283,969,1189,3832,661
0540,Sør-Aurdal,1999,296,275,863,249,302,313,884,188,598,588,1747,437
0540,Sør-Aurdal,2000,299,258,840,250,314,307,892,182,613,565,1732,432
0540,Sør-Aurdal,2001,301,247,837,245,312,316,883,186,613,563,1720,431
0540,Sør-Aurdal,2002,300,253,840,241,307,310,886,182,607,563,1726,423
0540,Sør-Aurdal,2003,296,262,831,239,303,290,892,179,599,552,1723,418
0540,Sør-Aurdal,2004,282,256,825,223,299,274,890,162,581,530,1715,385
0540,Sør-Aurdal,2005,280,259,826,220,307,273,911,155,587,532,1737,375
0540,Sør-Aurdal,2006,274,263,821,224,301,272,916,146,575,535,1737,370
0540,Sør-Aurdal,2007,265,246,817,220,299,261,913,144,564,507,1730,364
0540,Sør-Aurdal,2008,264,238,824,218,281,270,902,150,545,508,1726,368
0540,Sør-Aurdal,2009,242,258,832,219,298,268,908,145,540,526,1740,364
0540,Sør-Aurdal,2010,240,252,832,213,292,269,920,134,532,521,1752,347
0540,Sør-Aurdal,2011,238,246,834,213,279,276,923,138,517,522,1757,351
0540,Sør-Aurdal,2012,230,251,834,195,273,268,937,132,503,519,1771,327
0540,Sør-Aurdal,2013,238,245,841,191,254,278,939,136,492,523,1780,327
0540,Sør-Aurdal,2014,231,250,834,193,259,280,924,139,490,530,1758,332
0541,Etnedal,1999,91,115,381,100,96,110,421,68,187,225,802,168
0541,Etnedal,2000,91,113,385,94,99,116,418,73,190,229,803,167
0541,Etnedal,2001,93,115,390,90,107,108,422,72,200,223,812,162
0541,Etnedal,2002,100,104,388,96,130,103,419,74,230,207,807,170
0541,Etnedal,2003,108,89,395,103,128,93,421,75,236,182,816,178
0541,Etnedal,2004,103,86,391,101,121,99,426,76,224,185,817,177
0541,Etnedal,2005,107,88,391,96,120,91,415,82,227,179,806,178
0541,Etnedal,2006,112,82,392,89,107,97,412,83,219,179,804,172
0541,Etnedal,2007,116,72,398,87,113,99,408,88,229,171,806,175
0541,Etnedal,2008,115,81,396,83,107,101,406,86,222,182,802,169
0541,Etnedal,2009,112,85,392,81,108,98,402,90,220,183,794,171
0541,Etnedal,2010,106,93,385,85,114,100,398,90,220,193,783,175
0541,Etnedal,2011,108,86,375,86,115,112,403,89,223,198,778,175
0541,Etnedal,2012,104,96,370,92,111,127,419,81,215,223,789,173
0541,Etnedal,2013,100,94,368,87,109,140,415,78,209,234,783,165
0541,Etnedal,2014,99,94,366,88,107,147,420,80,206,241,786,168
0542,Nord-Aurdal,1999,545,602,1765,379,532,637,1747,249,1077,1239,3512,628
0542,Nord-Aurdal,2000,557,583,1782,371,547,623,1777,244,1104,1206,3559,615
0542,Nord-Aurdal,2001,561,566,1789,372,566,611,1763,244,1127,1177,3552,616
0542,Nord-Aurdal,2002,564,565,1798,368,556,615,1754,246,1120,1180,3552,614
0542,Nord-Aurdal,2003,545,575,1808,367,571,624,1777,238,1116,1199,3585,605
0542,Nord-Aurdal,2004,537,574,1816,363,552,606,1782,233,1089,1180,3598,596
0542,Nord-Aurdal,2005,538,543,1801,357,555,570,1778,238,1093,1113,3579,595
0542,Nord-Aurdal,2006,524,547,1808,359,533,577,1789,232,1057,1124,3597,591
0542,Nord-Aurdal,2007,521,539,1811,348,512,562,1815,218,1033,1101,3626,566
0542,Nord-Aurdal,2008,529,532,1836,341,514,555,1829,225,1043,1087,3665,566
0542,Nord-Aurdal,2009,526,531,1842,343,524,564,1832,225,1050,1095,3674,568
0542,Nord-Aurdal,2010,498,539,1825,343,523,557,1847,220,1021,1096,3672,563
0542,Nord-Aurdal,2011,488,534,1833,331,528,557,1842,223,1016,1091,3675,554
0542,Nord-Aurdal,2012,495,542,1843,334,509,559,1858,228,1004,1101,3701,562
0542,Nord-Aurdal,2013,467,535,1837,329,506,575,1856,231,973,1110,3693,560
0542,Nord-Aurdal,2014,471,548,1843,330,501,566,1881,224,972,1114,3724,554
0543,Vestre Slidre,1999,166,203,610,123,195,246,612,97,361,449,1222,220
0543,Vestre Slidre,2000,172,201,605,119,203,241,622,93,375,442,1227,212
0543,Vestre Slidre,2001,171,201,610,120,212,237,632,91,383,438,1242,211
0543,Vestre Slidre,2002,173,181,609,125,207,230,631,87,380,411,1240,212
0543,Vestre Slidre,2003,183,173,611,128,212,219,641,90,395,392,1252,218
0543,Vestre Slidre,2004,193,178,611,124,210,219,645,92,403,397,1256,216
0543,Vestre Slidre,2005,185,168,601,126,191,216,646,95,376,384,1247,221
0543,Vestre Slidre,2006,177,167,598,121,184,205,648,97,361,372,1246,218
0543,Vestre Slidre,2007,181,157,610,125,182,199,643,94,363,356,1253,219
0543,Vestre Slidre,2008,180,156,603,123,174,198,659,93,354,354,1262,216
0543,Vestre Slidre,2009,179,153,610,119,181,190,651,90,360,343,1261,209
0543,Vestre Slidre,2010,182,166,610,118,169,207,651,95,351,373,1261,213
0543,Vestre Slidre,2011,177,173,609,115,170,206,655,94,347,379,1264,209
0543,Vestre Slidre,2012,170,166,624,117,169,206,669,91,339,372,1293,208
0543,Vestre Slidre,2013,170,167,616,119,172,196,664,95,342,363,1280,214
0543,Vestre Slidre,2014,167,166,616,124,177,179,642,94,344,345,1258,218
0544,Øystre Slidre,1999,245,299,794,185,282,277,830,93,527,576,1624,278
0544,Øystre Slidre,2000,252,286,805,174,301,272,839,93,553,558,1644,267
0544,Øystre Slidre,2001,265,280,812,178,300,259,855,95,565,539,1667,273
0544,Øystre Slidre,2002,278,253,827,178,291,262,857,88,569,515,1684,266
0544,Øystre Slidre,2003,282,254,831,179,286,272,865,87,568,526,1696,266
0544,Øystre Slidre,2004,290,246,841,188,281,268,881,90,571,514,1722,278
0544,Øystre Slidre,2005,281,257,847,181,260,286,877,96,541,543,1724,277
0544,Øystre Slidre,2006,265,267,856,179,265,274,894,99,530,541,1750,278
0544,Øystre Slidre,2007,265,284,867,172,271,284,894,95,536,568,1761,267
0544,Øystre Slidre,2008,265,274,878,169,266,294,906,95,531,568,1784,264
0544,Øystre Slidre,2009,253,268,888,171,270,302,906,91,523,570,1794,262
0544,Øystre Slidre,2010,259,275,900,170,278,296,901,96,537,571,1801,266
0544,Øystre Slidre,2011,248,274,912,163,269,279,901,98,517,553,1813,261
0544,Øystre Slidre,2012,234,274,912,160,262,290,908,97,496,564,1820,257
0544,Øystre Slidre,2013,235,279,920,157,272,296,919,100,507,575,1839,257
0544,Øystre Slidre,2014,227,275,936,153,252,309,923,100,479,584,1859,253
0545,Vang,1999,151,127,422,114,149,158,417,77,300,285,839,191
0545,Vang,2000,156,139,418,116,146,172,439,75,302,311,857,191
0545,Vang,2001,163,141,412,126,141,171,438,74,304,312,850,200
0545,Vang,2002,146,145,408,123,138,158,442,68,284,303,850,191
0545,Vang,2003,149,142,412,119,145,144,447,63,294,286,859,182
0545,Vang,2004,138,139,408,122,145,150,439,60,283,289,847,182
0545,Vang,2005,129,151,401,121,141,150,445,57,270,301,846,178
0545,Vang,2006,134,153,400,121,144,146,453,59,278,299,853,180
0545,Vang,2007,123,151,391,126,132,144,449,56,255,295,840,182
0545,Vang,2008,121,148,396,115,130,153,448,54,251,301,844,169
0545,Vang,2009,120,146,399,110,131,161,443,57,251,307,842,167
0545,Vang,2010,118,154,401,112,126,162,445,58,244,316,846,170
0545,Vang,2011,117,144,419,97,127,155,454,62,244,299,873,159
0545,Vang,2012,114,147,430,90,128,171,461,64,242,318,891,154
0545,Vang,2013,111,143,421,84,120,163,477,61,231,306,898,145
0545,Vang,2014,111,147,424,84,124,156,486,61,235,303,910,145
0602,Drammen,1999,4455,5437,14724,3193,4651,5455,14227,1564,9106,10892,28951,4757
0602,Drammen,2000,4463,5414,14860,3194,4671,5423,14496,1563,9134,10837,29356,4757
0602,Drammen,2001,4555,5474,15003,3188,4749,5332,14755,1564,9304,10806,29758,4752
0602,Drammen,2002,4633,5401,15292,3169,4811,5310,14955,1581,9444,10711,30247,4750
0602,Drammen,2003,4710,5365,15571,3107,4890,5374,15149,1584,9600,10739,30720,4691
0602,Drammen,2004,4746,5347,15704,3078,4850,5343,15297,1605,9596,10690,31001,4683
0602,Drammen,2005,4786,5347,15894,3086,4896,5314,15445,1630,9682,10661,31339,4716
0602,Drammen,2006,4800,5500,16066,3091,4952,5376,15622,1646,9752,10876,31688,4737
0602,Drammen,2007,4872,5520,16369,3056,5044,5513,15919,1674,9916,11033,32288,4730
0602,Drammen,2008,4933,5679,16702,3009,5188,5769,16435,1676,10121,11448,33137,4685
0602,Drammen,2009,5081,5781,17044,2962,5315,5851,16857,1678,10396,11632,33901,4640
0602,Drammen,2010,5128,5978,17371,2954,5376,6054,17184,1705,10504,12032,34555,4659
0602,Drammen,2011,5220,6123,17666,2953,5461,6144,17528,1724,10681,12267,35194,4677
0602,Drammen,2012,5300,6213,17893,2969,5500,6280,17881,1756,10800,12493,35774,4725
0602,Drammen,2013,5331,6304,18193,2941,5529,6374,18184,1818,10860,12678,36377,4759
0602,Drammen,2014,5377,6361,18405,2939,5637,6424,18446,1859,11014,12785,36851,4798
0604,Kongsberg,1999,1781,2104,5981,1084,1902,2311,6045,628,3683,4415,12026,1712
0604,Kongsberg,2000,1804,2086,6053,1089,1941,2304,6105,656,3745,4390,12158,1745
0604,Kongsberg,2001,1815,2082,6127,1092,1968,2299,6176,667,3783,4381,12303,1759
0604,Kongsberg,2002,1887,2038,6190,1103,1991,2264,6283,660,3878,4302,12473,1763
0604,Kongsberg,2003,1892,2057,6246,1087,2016,2266,6432,654,3908,4323,12678,1741
0604,Kongsberg,2004,1928,2060,6350,1087,2048,2228,6510,670,3976,4288,12860,1757
0604,Kongsberg,2005,1948,2020,6433,1088,2045,2219,6586,662,3993,4239,13019,1750
0604,Kongsberg,2006,1907,2019,6499,1087,2049,2170,6668,657,3956,4189,13167,1744
0604,Kongsberg,2007,1931,2033,6583,1108,2050,2208,6743,689,3981,4241,13326,1797
0604,Kongsberg,2008,1933,2056,6666,1095,2077,2274,6865,713,4010,4330,13531,1808
0604,Kongsberg,2009,1999,2079,6757,1109,2151,2321,6958,719,4150,4400,13715,1828
0604,Kongsberg,2010,2012,2119,6866,1086,2172,2366,7056,728,4184,4485,13922,1814
0604,Kongsberg,2011,2043,2180,6982,1088,2221,2351,7190,727,4264,4531,14172,1815
0604,Kongsberg,2012,2050,2237,7073,1084,2242,2444,7317,740,4292,4681,14390,1824
0604,Kongsberg,2013,2093,2230,7194,1071,2263,2530,7456,753,4356,4760,14650,1824
0604,Kongsberg,2014,2175,2270,7337,1087,2305,2624,7566,784,4480,4894,14903,1871
0605,Ringerike,1999,2244,2518,7659,1543,2428,2631,7467,1005,4672,5149,15126,2548
0605,Ringerike,2000,2247,2530,7671,1561,2459,2625,7515,1031,4706,5155,15186,2592
0605,Ringerike,2001,2307,2475,7718,1584,2465,2555,7598,1017,4772,5030,15316,2601
0605,Ringerike,2002,2321,2412,7724,1604,2447,2499,7609,1028,4768,4911,15333,2632
0605,Ringerike,2003,2316,2417,7826,1584,2432,2481,7711,1012,4748,4898,15537,2596
0605,Ringerike,2004,2266,2394,7858,1597,2399,2494,7757,1019,4665,4888,15615,2616
0605,Ringerike,2005,2224,2389,7902,1591,2340,2493,7806,1017,4564,4882,15708,2608
0605,Ringerike,2006,2240,2409,7934,1617,2333,2528,7825,1024,4573,4937,15759,2641
0605,Ringerike,2007,2224,2453,8029,1611,2307,2579,7881,1034,4531,5032,15910,2645
0605,Ringerike,2008,2215,2508,8062,1595,2282,2609,7965,1013,4497,5117,16027,2608
0605,Ringerike,2009,2154,2553,8120,1546,2282,2654,8021,1006,4436,5207,16141,2552
0605,Ringerike,2010,2128,2583,8196,1515,2283,2705,8091,992,4411,5288,16287,2507
0605,Ringerike,2011,2125,2531,8306,1486,2266,2731,8196,980,4391,5262,16502,2466
0605,Ringerike,2012,2153,2544,8374,1477,2306,2778,8318,979,4459,5322,16692,2456
0605,Ringerike,2013,2136,2585,8449,1473,2300,2795,8405,990,4436,5380,16854,2463
0605,Ringerike,2014,2140,2559,8525,1474,2279,2830,8504,1032,4419,5389,17029,2506
0612,Hole,1999,432,444,1336,209,467,443,1382,135,899,887,2718,344
0612,Hole,2000,444,424,1388,203,477,436,1408,134,921,860,2796,337
0612,Hole,2001,448,426,1407,205,478,433,1433,141,926,859,2840,346
0612,Hole,2002,448,428,1442,202,499,453,1442,141,947,881,2884,343
0612,Hole,2003,440,428,1432,207,505,417,1480,142,945,845,2912,349
0612,Hole,2004,452,427,1458,213,517,401,1507,154,969,828,2965,367
0612,Hole,2005,458,423,1489,205,508,412,1513,163,966,835,3002,368
0612,Hole,2006,469,408,1529,203,512,433,1545,153,981,841,3074,356
0612,Hole,2007,493,412,1553,207,511,439,1605,161,1004,851,3158,368
0612,Hole,2008,497,451,1612,210,524,452,1639,174,1021,903,3251,384
0612,Hole,2009,507,476,1672,217,559,464,1720,174,1066,940,3392,391
0612,Hole,2010,502,484,1706,218,578,472,1759,186,1080,956,3465,404
0612,Hole,2011,501,486,1743,231,591,497,1821,186,1092,983,3564,417
0612,Hole,2012,527,489,1770,250,602,537,1891,185,1129,1026,3661,435
0612,Hole,2013,530,509,1809,253,592,551,1944,189,1122,1060,3753,442
0612,Hole,2014,564,512,1883,251,622,547,1956,190,1186,1059,3839,441
0615,Flå,1999,78,83,290,87,89,110,306,60,167,193,596,147
0615,Flå,2000,81,82,288,85,81,110,306,56,162,192,594,141
0615,Flå,2001,82,73,280,84,75,108,303,54,157,181,583,138
0615,Flå,2002,85,67,277,86,74,103,307,57,159,170,584,143
0615,Flå,2003,79,64,273,88,80,99,299,58,159,163,572,146
0615,Flå,2004,78,65,272,83,81,92,300,52,159,157,572,135
0615,Flå,2005,80,67,271,82,76,85,293,50,156,152,564,132
0615,Flå,2006,77,62,273,81,79,83,291,46,156,145,564,127
0615,Flå,2007,73,55,273,79,80,80,293,48,153,135,566,127
0615,Flå,2008,73,51,271,81,81,73,293,45,154,124,564,126
0615,Flå,2009,74,62,275,82,88,73,303,47,162,135,578,129
0615,Flå,2010,72,64,269,78,84,75,300,50,156,139,569,128
0615,Flå,2011,70,61,272,80,80,80,302,48,150,141,574,128
0615,Flå,2012,74,69,283,78,72,93,304,50,146,162,587,128
0615,Flå,2013,67,82,279,76,79,94,315,47,146,176,594,123
0615,Flå,2014,60,87,272,78,76,90,320,46,136,177,592,124
0616,Nes (Buskerud),1999,316,317,907,212,300,366,886,141,616,683,1793,353
0616,Nes (Buskerud),2000,329,294,922,217,321,370,898,137,650,664,1820,354
0616,Nes (Buskerud),2001,343,301,936,219,324,366,917,132,667,667,1853,351
0616,Nes (Buskerud),2002,322,280,934,217,322,328,904,136,644,608,1838,353
0616,Nes (Buskerud),2003,305,282,948,223,324,310,925,139,629,592,1873,362
0616,Nes (Buskerud),2004,300,299,942,223,319,299,922,140,619,598,1864,363
0616,Nes (Buskerud),2005,288,301,952,221,311,305,936,137,599,606,1888,358
0616,Nes (Buskerud),2006,283,301,966,224,315,313,936,148,598,614,1902,372
0616,Nes (Buskerud),2007,271,303,943,237,297,287,936,156,568,590,1879,393
0616,Nes (Buskerud),2008,257,310,941,239,294,301,932,150,551,611,1873,389
0616,Nes (Buskerud),2009,244,311,941,236,295,302,950,151,539,613,1891,387
0616,Nes (Buskerud),2010,246,298,937,234,281,293,962,150,527,591,1899,384
0616,Nes (Buskerud),2011,257,301,946,229,266,306,962,146,523,607,1908,375
0616,Nes (Buskerud),2012,255,295,960,221,265,314,963,148,520,609,1923,369
0616,Nes (Buskerud),2013,242,305,959,214,257,309,978,147,499,614,1937,361
0616,Nes (Buskerud),2014,240,310,962,206,252,317,983,150,492,627,1945,356
0617,Gol,1999,346,423,1150,243,346,466,1144,188,692,889,2294,431
0617,Gol,2000,360,426,1161,243,353,450,1149,185,713,876,2310,428
0617,Gol,2001,369,412,1166,241,380,416,1168,181,749,828,2334,422
0617,Gol,2002,363,398,1192,238,392,398,1200,178,755,796,2392,416
0617,Gol,2003,359,366,1197,243,391,396,1206,179,750,762,2403,422
0617,Gol,2004,354,366,1201,251,384,379,1208,182,738,745,2409,433
0617,Gol,2005,354,379,1201,241,375,378,1214,183,729,757,2415,424
0617,Gol,2006,345,402,1196,236,363,391,1228,184,708,793,2424,420
0617,Gol,2007,366,372,1208,238,382,390,1246,180,748,762,2454,418
0617,Gol,2008,373,368,1221,232,384,381,1251,180,757,749,2472,412
0617,Gol,2009,377,392,1247,235,380,380,1265,182,757,772,2512,417
0617,Gol,2010,374,379,1248,232,382,371,1269,176,756,750,2517,408
0617,Gol,2011,375,391,1266,236,403,368,1301,174,778,759,2567,410
0617,Gol,2012,381,380,1285,233,401,369,1321,172,782,749,2606,405
0617,Gol,2013,386,395,1309,234,391,394,1333,180,777,789,2642,414
0617,Gol,2014,379,398,1303,241,370,403,1313,188,749,801,2616,429
0618,Hemsedal,1999,147,217,445,91,170,189,464,72,317,406,909,163
0618,Hemsedal,2000,177,221,480,87,187,206,501,69,364,427,981,156
0618,Hemsedal,2001,195,208,504,82,204,199,524,71,399,407,1028,153
0618,Hemsedal,2002,181,181,497,87,183,185,513,68,364,366,1010,155
0618,Hemsedal,2003,176,161,505,83,185,159,510,63,361,320,1015,146
0618,Hemsedal,2004,181,153,507,79,188,156,523,65,369,309,1030,144
0618,Hemsedal,2005,183,156,520,76,198,152,537,64,381,308,1057,140
0618,Hemsedal,2006,189,160,528,77,195,157,548,66,384,317,1076,143
0618,Hemsedal,2007,193,172,523,80,196,161,554,62,389,333,1077,142
0618,Hemsedal,2008,184,164,526,82,199,156,574,57,383,320,1100,139
0618,Hemsedal,2009,173,168,528,86,205,163,587,58,378,331,1115,144
0618,Hemsedal,2010,183,178,554,84,207,180,610,64,390,358,1164,148
0618,Hemsedal,2011,185,192,573,80,207,177,626,65,392,369,1199,145
0618,Hemsedal,2012,200,216,583,82,217,184,640,70,417,400,1223,152
0618,Hemsedal,2013,192,210,596,85,212,200,634,71,404,410,1230,156
0618,Hemsedal,2014,184,216,616,89,214,214,674,67,398,430,1290,156
0619,Ål,1999,434,404,1229,293,441,437,1200,207,875,841,2429,500
0619,Ål,2000,454,398,1248,292,457,456,1200,217,911,854,2448,509
0619,Ål,2001,454,414,1232,302,458,442,1207,211,912,856,2439,513
0619,Ål,2002,451,418,1239,289,450,418,1205,196,901,836,2444,485
0619,Ål,2003,447,407,1241,288,460,396,1231,185,907,803,2472,473
0619,Ål,2004,433,398,1245,286,442,398,1216,195,875,796,2461,481
0619,Ål,2005,431,401,1256,283,422,416,1217,193,853,817,2473,476
0619,Ål,2006,442,383,1251,288,412,410,1222,199,854,793,2473,487
0619,Ål,2007,444,390,1241,290,415,402,1227,194,859,792,2468,484
0619,Ål,2008,438,401,1249,294,402,419,1227,196,840,820,2476,490
0619,Ål,2009,422,395,1245,287,393,426,1240,189,815,821,2485,476
0619,Ål,2010,423,398,1246,282,387,436,1260,195,810,834,2506,477
0619,Ål,2011,434,399,1255,285,384,448,1281,182,818,847,2536,467
0619,Ål,2012,431,413,1243,278,387,459,1296,179,818,872,2539,457
0619,Ål,2013,424,417,1263,275,387,456,1301,192,811,873,2564,467
0619,Ål,2014,410,406,1265,270,405,434,1298,194,815,840,2563,464
0620,Hol,1999,372,482,1225,263,394,453,1213,189,766,935,2438,452
0620,Hol,2000,372,460,1248,261,413,434,1219,187,785,894,2467,448
0620,Hol,2001,394,438,1246,258,409,405,1251,192,803,843,2497,450
0620,Hol,2002,386,437,1240,251,410,393,1233,187,796,830,2473,438
0620,Hol,2003,381,436,1237,258,404,394,1239,178,785,830,2476,436
0620,Hol,2004,371,434,1234,252,389,414,1228,180,760,848,2462,432
0620,Hol,2005,384,427,1241,248,387,393,1236,184,771,820,2477,432
0620,Hol,2006,378,405,1227,239,380,399,1240,188,758,804,2467,427
0620,Hol,2007,372,400,1218,247,347,414,1245,182,719,814,2463,429
0620,Hol,2008,359,401,1214,247,344,424,1235,180,703,825,2449,427
0620,Hol,2009,339,384,1222,248,340,420,1255,174,679,804,2477,422
0620,Hol,2010,337,379,1232,243,355,397,1271,175,692,776,2503,418
0620,Hol,2011,326,389,1252,230,364,413,1276,160,690,802,2528,390
0620,Hol,2012,317,395,1249,229,347,429,1291,164,664,824,2540,393
0620,Hol,2013,302,394,1256,228,333,437,1303,168,635,831,2559,396
0620,Hol,2014,285,377,1285,229,335,426,1319,167,620,803,2604,396
0621,Sigdal,1999,316,297,972,222,289,358,963,159,605,655,1935,381
0621,Sigdal,2000,317,273,968,226,273,341,963,164,590,614,1931,390
0621,Sigdal,2001,303,279,964,241,279,326,952,172,582,605,1916,413
0621,Sigdal,2002,310,271,947,252,294,304,953,174,604,575,1900,426
0621,Sigdal,2003,311,265,944,258,301,310,970,175,612,575,1914,433
0621,Sigdal,2004,298,272,942,256,299,294,975,163,597,566,1917,419
0621,Sigdal,2005,285,272,960,252,311,280,988,158,596,552,1948,410
0621,Sigdal,2006,275,274,943,251,315,268,992,152,590,542,1935,403
0621,Sigdal,2007,257,279,959,250,303,285,979,146,560,564,1938,396
0621,Sigdal,2008,274,284,955,247,313,289,987,139,587,573,1942,386
0621,Sigdal,2009,278,286,953,256,310,275,1007,132,588,561,1960,388
0621,Sigdal,2010,269,295,954,247,306,274,1019,124,575,569,1973,371
0621,Sigdal,2011,268,290,960,251,308,258,1030,129,576,548,1990,380
0621,Sigdal,2012,274,275,971,248,304,259,1041,127,578,534,2012,375
0621,Sigdal,2013,267,289,967,249,298,277,1040,124,565,566,2007,373
0621,Sigdal,2014,262,284,967,238,299,275,1041,121,561,559,2008,359
0622,Krødsherad,1999,214,202,589,146,169,224,603,98,383,426,1192,244
0622,Krødsherad,2000,203,198,597,144,176,206,611,93,379,404,1208,237
0622,Krødsherad,2001,210,201,615,138,167,215,606,91,377,416,1221,229
0622,Krødsherad,2002,194,201,620,137,157,208,605,90,351,409,1225,227
0622,Krødsherad,2003,202,196,620,131,166,197,598,85,368,393,1218,216
0622,Krødsherad,2004,195,185,622,127,163,196,602,86,358,381,1224,213
0622,Krødsherad,2005,187,193,607,129,160,180,604,76,347,373,1211,205
0622,Krødsherad,2006,177,183,607,129,146,191,601,72,323,374,1208,201
0622,Krødsherad,2007,174,177,605,129,144,190,611,69,318,367,1216,198
0622,Krødsherad,2008,169,172,602,131,127,193,618,66,296,365,1220,197
0622,Krødsherad,2009,167,181,603,129,132,195,618,69,299,376,1221,198
0622,Krødsherad,2010,159,189,607,121,142,195,630,65,301,384,1237,186
0622,Krødsherad,2011,158,200,602,126,147,194,650,57,305,394,1252,183
0622,Krødsherad,2012,162,204,606,125,147,202,664,54,309,406,1270,179
0622,Krødsherad,2013,160,211,627,117,164,184,672,58,324,395,1299,175
0622,Krødsherad,2014,168,204,644,116,174,187,689,60,342,391,1333,176
0623,Modum,1999,992,1134,3265,750,1049,1289,3216,507,2041,2423,6481,1257
0623,Modum,2000,989,1117,3297,737,1062,1266,3260,498,2051,2383,6557,1235
0623,Modum,2001,1003,1123,3350,741,1086,1264,3312,493,2089,2387,6662,1234
0623,Modum,2002,978,1108,3421,724,1076,1229,3390,478,2054,2337,6811,1202
0623,Modum,2003,970,1117,3453,721,1084,1211,3455,472,2054,2328,6908,1193
0623,Modum,2004,959,1119,3484,706,1078,1191,3481,448,2037,2310,6965,1154
0623,Modum,2005,931,1098,3500,692,1057,1168,3505,448,1988,2266,7005,1140
0623,Modum,2006,918,1123,3507,690,1070,1154,3554,436,1988,2277,7061,1126
0623,Modum,2007,946,1101,3527,695,1052,1140,3565,425,1998,2241,7092,1120
0623,Modum,2008,963,1098,3581,694,1054,1127,3640,414,2017,2225,7221,1108
0623,Modum,2009,970,1106,3638,673,1076,1162,3688,416,2046,2268,7326,1089
0623,Modum,2010,985,1103,3643,679,1061,1148,3739,406,2046,2251,7382,1085
0623,Modum,2011,979,1104,3668,666,1070,1152,3786,391,2049,2256,7454,1057
0623,Modum,2012,980,1098,3742,663,1069,1188,3832,397,2049,2286,7574,1060
0623,Modum,2013,1013,1103,3819,660,1094,1215,3905,394,2107,2318,7724,1054
0623,Modum,2014,1027,1124,3892,665,1107,1205,4003,405,2134,2329,7895,1070
0624,Øvre Eiker,1999,1287,1365,3961,794,1412,1493,4035,458,2699,2858,7996,1252
0624,Øvre Eiker,2000,1306,1371,4005,778,1439,1437,4089,478,2745,2808,8094,1256
0624,Øvre Eiker,2001,1319,1351,4064,763,1456,1420,4171,485,2775,2771,8235,1248
0624,Øvre Eiker,2002,1334,1313,4079,764,1422,1403,4171,495,2756,2716,8250,1259
0624,Øvre Eiker,2003,1373,1314,4163,761,1437,1398,4237,488,2810,2712,8400,1249
0624,Øvre Eiker,2004,1352,1325,4184,776,1436,1423,4272,478,2788,2748,8456,1254
0624,Øvre Eiker,2005,1363,1345,4243,781,1420,1459,4349,490,2783,2804,8592,1271
0624,Øvre Eiker,2006,1376,1353,4348,771,1445,1465,4382,511,2821,2818,8730,1282
0624,Øvre Eiker,2007,1364,1389,4400,773,1450,1436,4435,512,2814,2825,8835,1285
0624,Øvre Eiker,2008,1378,1423,4437,776,1486,1488,4452,513,2864,2911,8889,1289
0624,Øvre Eiker,2009,1380,1404,4496,776,1489,1536,4538,518,2869,2940,9034,1294
0624,Øvre Eiker,2010,1409,1432,4556,766,1510,1559,4674,517,2919,2991,9230,1283
0624,Øvre Eiker,2011,1454,1486,4635,756,1543,1604,4828,504,2997,3090,9463,1260
0624,Øvre Eiker,2012,1460,1532,4771,742,1555,1665,4996,508,3015,3197,9767,1250
0624,Øvre Eiker,2013,1471,1604,4849,754,1565,1704,5084,512,3036,3308,9933,1266
0624,Øvre Eiker,2014,1494,1602,4875,751,1596,1743,5136,538,3090,3345,10011,1289
0625,Nedre Eiker,1999,1928,1959,5421,810,2015,2082,5304,438,3943,4041,10725,1248
0625,Nedre Eiker,2000,1980,1912,5547,827,2049,2036,5419,443,4029,3948,10966,1270
0625,Nedre Eiker,2001,1992,1903,5630,827,2067,2040,5457,465,4059,3943,11087,1292
0625,Nedre Eiker,2002,2071,1868,5738,828,2116,2011,5590,470,4187,3879,11328,1298
0625,Nedre Eiker,2003,2053,1844,5806,828,2109,1997,5691,472,4162,3841,11497,1300
0625,Nedre Eiker,2004,2088,1874,5903,840,2105,1993,5800,492,4193,3867,11703,1332
0625,Nedre Eiker,2005,2091,1874,5989,846,2072,1986,5893,504,4163,3860,11882,1350
0625,Nedre Eiker,2006,2057,1895,6031,854,2050,2024,5954,503,4107,3919,11985,1357
0625,Nedre Eiker,2007,2050,1921,6103,858,2064,2054,6038,512,4114,3975,12141,1370
0625,Nedre Eiker,2008,2075,1924,6150,854,2111,2060,6135,508,4186,3984,12285,1362
0625,Nedre Eiker,2009,2085,1976,6225,846,2123,2073,6216,516,4208,4049,12441,1362
0625,Nedre Eiker,2010,2118,2011,6336,841,2167,2079,6320,527,4285,4090,12656,1368
0625,Nedre Eiker,2011,2122,2085,6363,831,2195,2109,6428,527,4317,4194,12791,1358
0625,Nedre Eiker,2012,2149,2093,6452,840,2196,2164,6532,545,4345,4257,12984,1385
0625,Nedre Eiker,2013,2153,2127,6550,842,2241,2244,6650,549,4394,4371,13200,1391
0625,Nedre Eiker,2014,2173,2122,6671,836,2232,2246,6729,562,4405,4368,13400,1398
0626,Lier,1999,2057,1929,5729,804,2185,1970,5747,501,4242,3899,11476,1305
0626,Lier,2000,2110,1918,5774,815,2187,1893,5832,509,4297,3811,11606,1324
0626,Lier,2001,2114,1916,5877,821,2216,1891,5924,515,4330,3807,11801,1336
0626,Lier,2002,2134,1840,5932,850,2178,1852,5979,534,4312,3692,11911,1384
0626,Lier,2003,2158,1816,5983,852,2187,1803,6044,537,4345,3619,12027,1389
0626,Lier,2004,2113,1753,6033,862,2217,1735,6085,545,4330,3488,12118,1407
0626,Lier,2005,2163,1742,6084,872,2191,1731,6113,566,4354,3473,12197,1438
0626,Lier,2006,2148,1769,6118,879,2201,1755,6175,585,4349,3524,12293,1464
0626,Lier,2007,2136,1850,6219,849,2195,1840,6304,591,4331,3690,12523,1440
0626,Lier,2008,2149,1877,6352,847,2205,1913,6515,582,4354,3790,12867,1429
0626,Lier,2009,2115,1895,6424,838,2228,1947,6575,579,4343,3842,12999,1417
0626,Lier,2010,2140,1928,6572,830,2285,1992,6671,591,4425,3920,13243,1421
0626,Lier,2011,2125,1950,6685,807,2292,2078,6794,583,4417,4028,13479,1390
0626,Lier,2012,2149,2007,6839,811,2344,2177,6981,592,4493,4184,13820,1403
0626,Lier,2013,2180,2045,7001,805,2364,2255,7213,606,4544,4300,14214,1411
0626,Lier,2014,2217,2091,7094,848,2420,2275,7330,611,4637,4366,14424,1459
0627,Røyken,1999,1638,1566,4328,451,1663,1499,4421,284,3301,3065,8749,735
0627,Røyken,2000,1639,1540,4408,453,1703,1474,4529,282,3342,3014,8937,735
0627,Røyken,2001,1660,1499,4547,477,1774,1464,4635,285,3434,2963,9182,762
0627,Røyken,2002,1711,1438,4627,493,1819,1428,4713,284,3530,2866,9340,777
0627,Røyken,2003,1756,1385,4772,483,1849,1407,4798,287,3605,2792,9570,770
0627,Røyken,2004,1746,1376,4839,494,1885,1372,4895,278,3631,2748,9734,772
0627,Røyken,2005,1747,1361,4930,507,1875,1379,4950,296,3622,2740,9880,803
0627,Røyken,2006,1793,1396,4996,501,1925,1409,5052,305,3718,2805,10048,806
0627,Røyken,2007,1788,1441,5084,509,1941,1433,5108,316,3729,2874,10192,825
0627,Røyken,2008,1815,1471,5171,516,1942,1498,5267,332,3757,2969,10438,848
0627,Røyken,2009,1844,1544,5304,533,1999,1522,5413,357,3843,3066,10717,890
0627,Røyken,2010,1847,1499,5390,533,2011,1545,5485,371,3858,3044,10875,904
0627,Røyken,2011,1859,1568,5496,542,1983,1632,5577,391,3842,3200,11073,933
0627,Røyken,2012,1880,1630,5591,546,1989,1690,5671,399,3869,3320,11262,945
0627,Røyken,2013,1851,1708,5691,578,2005,1754,5832,431,3856,3462,11523,1009
0627,Røyken,2014,1885,1755,5856,581,2043,1807,6002,448,3928,3562,11858,1029
0628,Hurum,1999,740,754,2163,423,752,799,2264,262,1492,1553,4427,685
0628,Hurum,2000,780,726,2223,414,769,782,2290,274,1549,1508,4513,688
0628,Hurum,2001,801,726,2258,411,817,742,2335,270,1618,1468,4593,681
0628,Hurum,2002,814,723,2319,417,835,729,2381,277,1649,1452,4700,694
0628,Hurum,2003,846,698,2384,410,845,726,2446,259,1691,1424,4830,669
0628,Hurum,2004,863,664,2437,410,876,697,2481,257,1739,1361,4918,667
0628,Hurum,2005,866,637,2481,399,870,701,2511,255,1736,1338,4992,654
0628,Hurum,2006,871,629,2540,399,855,684,2585,265,1726,1313,5125,664
0628,Hurum,2007,846,650,2553,399,858,684,2605,255,1704,1334,5158,654
0628,Hurum,2008,832,649,2595,400,846,683,2689,242,1678,1332,5284,642
0628,Hurum,2009,815,657,2602,394,838,670,2687,247,1653,1327,5289,641
0628,Hurum,2010,786,691,2633,388,827,720,2668,250,1613,1411,5301,638
0628,Hurum,2011,759,711,2664,382,831,741,2710,263,1590,1452,5374,645
0628,Hurum,2012,751,706,2706,381,795,774,2722,271,1546,1480,5428,652
0628,Hurum,2013,756,697,2746,387,777,809,2785,264,1533,1506,5531,651
0628,Hurum,2014,754,720,2757,381,778,808,2780,274,1532,1528,5537,655
0631,Flesberg,1999,230,206,646,137,215,254,692,100,445,460,1338,237
0631,Flesberg,2000,219,197,656,138,210,257,691,95,429,454,1347,233
0631,Flesberg,2001,232,198,662,137,211,251,707,96,443,449,1369,233
0631,Flesberg,2002,239,207,652,138,227,230,719,88,466,437,1371,226
0631,Flesberg,2003,234,202,661,140,224,223,725,85,458,425,1386,225
0631,Flesberg,2004,235,202,672,134,227,212,720,84,462,414,1392,218
0631,Flesberg,2005,237,188,683,136,237,188,736,86,474,376,1419,222
0631,Flesberg,2006,238,186,685,139,239,190,736,96,477,376,1421,235
0631,Flesberg,2007,229,188,689,139,223,191,740,95,452,379,1429,234
0631,Flesberg,2008,226,186,687,142,229,189,734,101,455,375,1421,243
0631,Flesberg,2009,218,189,695,138,238,206,736,98,456,395,1431,236
0631,Flesberg,2010,209,212,699,134,244,217,739,95,453,429,1438,229
0631,Flesberg,2011,207,205,708,135,249,214,753,94,456,419,1461,229
0631,Flesberg,2012,214,218,706,129,263,210,775,97,477,428,1481,226
0631,Flesberg,2013,223,219,715,126,259,217,780,95,482,436,1495,221
0631,Flesberg,2014,224,218,722,121,252,225,795,94,476,443,1517,215
0632,Rollag,1999,135,130,377,94,114,145,391,84,249,275,768,178
0632,Rollag,2000,132,124,382,93,125,139,385,87,257,263,767,180
0632,Rollag,2001,129,126,383,97,137,131,391,82,266,257,774,179
0632,Rollag,2002,134,110,384,102,138,125,391,81,272,235,775,183
0632,Rollag,2003,132,113,392,101,141,126,387,76,273,239,779,177
0632,Rollag,2004,137,108,396,102,141,121,401,74,278,229,797,176
0632,Rollag,2005,125,99,386,101,140,115,396,68,265,214,782,169
0632,Rollag,2006,126,91,388,103,127,113,392,69,253,204,780,172
0632,Rollag,2007,118,91,384,106,127,113,394,63,245,204,778,169
0632,Rollag,2008,120,92,390,102,126,123,390,65,246,215,780,167
0632,Rollag,2009,113,104,390,95,123,117,390,67,236,221,780,162
0632,Rollag,2010,101,108,389,92,124,110,390,69,225,218,779,161
0632,Rollag,2011,100,109,394,86,119,104,389,72,219,213,783,158
0632,Rollag,2012,94,113,392,83,113,111,393,75,207,224,785,158
0632,Rollag,2013,90,114,388,89,108,106,384,69,198,220,772,158
0632,Rollag,2014,85,118,388,95,103,104,394,72,188,222,782,167
0633,Nore og Uvdal,1999,225,258,705,187,266,273,732,129,491,531,1437,316
0633,Nore og Uvdal,2000,226,255,696,191,264,261,725,123,490,516,1421,314
0633,Nore og Uvdal,2001,218,235,703,191,262,253,734,129,480,488,1437,320
0633,Nore og Uvdal,2002,216,220,701,194,273,248,729,135,489,468,1430,329
0633,Nore og Uvdal,2003,223,206,698,188,276,233,720,137,499,439,1418,325
0633,Nore og Uvdal,2004,226,192,701,188,275,232,725,130,501,424,1426,318
0633,Nore og Uvdal,2005,216,191,695,183,263,222,711,126,479,413,1406,309
0633,Nore og Uvdal,2006,217,182,692,180,254,214,698,135,471,396,1390,315
0633,Nore og Uvdal,2007,198,189,675,173,244,215,682,130,442,404,1357,303
0633,Nore og Uvdal,2008,206,186,685,177,238,206,689,125,444,392,1374,302
0633,Nore og Uvdal,2009,187,183,681,182,232,209,693,121,419,392,1374,303
0633,Nore og Uvdal,2010,176,200,667,184,229,220,698,118,405,420,1365,302
0633,Nore og Uvdal,2011,175,202,669,180,225,223,708,122,400,425,1377,302
0633,Nore og Uvdal,2012,176,194,681,174,211,235,730,116,387,429,1411,290
0633,Nore og Uvdal,2013,179,179,684,180,204,248,738,109,383,427,1422,289
0633,Nore og Uvdal,2014,172,187,681,177,196,258,753,110,368,445,1434,287
0702,Holmestrand,1999,815,881,2558,465,809,938,2506,273,1624,1819,5064,738
0702,Holmestrand,2000,805,856,2600,467,817,895,2535,291,1622,1751,5135,758
0702,Holmestrand,2001,841,803,2630,469,826,875,2543,300,1667,1678,5173,769
0702,Holmestrand,2002,839,779,2665,479,819,851,2599,304,1658,1630,5264,783
0702,Holmestrand,2003,843,790,2692,486,813,850,2632,297,1656,1640,5324,783
0702,Holmestrand,2004,810,793,2707,497,801,845,2662,288,1611,1638,5369,785
0702,Holmestrand,2005,808,807,2743,483,828,862,2692,293,1636,1669,5435,776
0702,Holmestrand,2006,766,824,2758,488,841,859,2716,300,1607,1683,5474,788
0702,Holmestrand,2007,794,808,2795,469,842,865,2766,293,1636,1673,5561,762
0702,Holmestrand,2008,806,797,2845,466,838,909,2805,301,1644,1706,5650,767
0702,Holmestrand,2009,788,808,2860,461,826,936,2877,294,1614,1744,5737,755
0702,Holmestrand,2010,800,812,2891,468,849,929,2901,307,1649,1741,5792,775
0702,Holmestrand,2011,792,822,2965,470,860,899,2942,295,1652,1721,5907,765
0702,Holmestrand,2012,795,856,3010,460,864,899,2957,298,1659,1755,5967,758
0702,Holmestrand,2013,810,859,3043,464,859,888,3016,302,1669,1747,6059,766
0702,Holmestrand,2014,795,886,3066,467,865,899,3060,325,1660,1785,6126,792
0706,Sandefjord,1999,3421,3638,10592,2108,3525,3705,10213,1094,6946,7343,20805,3202
0706,Sandefjord,2000,3496,3600,10780,2148,3646,3660,10400,1120,7142,7260,21180,3268
0706,Sandefjord,2001,3582,3583,10995,2132,3714,3618,10565,1149,7296,7201,21560,3281
0706,Sandefjord,2002,3612,3530,11150,2100,3792,3603,10710,1154,7404,7133,21860,3254
0706,Sandefjord,2003,3662,3583,11274,2120,3840,3629,10925,1190,7502,7212,22199,3310
0706,Sandefjord,2004,3631,3651,11421,2130,3804,3645,11065,1209,7435,7296,22486,3339
0706,Sandefjord,2005,3585,3645,11567,2095,3833,3718,11175,1230,7418,7363,22742,3325
0706,Sandefjord,2006,3589,3623,11689,2071,3833,3704,11316,1237,7422,7327,23005,3308
0706,Sandefjord,2007,3612,3586,11885,2041,3867,3724,11442,1252,7479,7310,23327,3293
0706,Sandefjord,2008,3651,3655,11941,2096,3878,3799,11582,1308,7529,7454,23523,3404
0706,Sandefjord,2009,3609,3705,12076,2087,3888,3847,11715,1300,7497,7552,23791,3387
0706,Sandefjord,2010,3604,3821,12224,2062,3888,3932,11840,1286,7492,7753,24064,3348
0706,Sandefjord,2011,3630,3880,12368,2067,3873,4010,12083,1299,7503,7890,24451,3366
0706,Sandefjord,2012,3652,3923,12493,2103,3863,4108,12237,1332,7515,8031,24730,3435
0706,Sandefjord,2013,3646,3996,12632,2123,3867,4167,12377,1362,7513,8163,25009,3485
0706,Sandefjord,2014,3667,3998,12737,2166,3841,4257,12485,1385,7508,8255,25222,3551
0709,Larvik,1999,3467,3764,10724,2230,3815,3917,10460,1260,7282,7681,21184,3490
0709,Larvik,2000,3473,3721,10845,2261,3866,3868,10614,1265,7339,7589,21459,3526
0709,Larvik,2001,3508,3654,10988,2269,3889,3852,10764,1302,7397,7506,21752,3571
0709,Larvik,2002,3491,3645,11089,2255,3873,3799,10884,1321,7364,7444,21973,3576
0709,Larvik,2003,3464,3614,11218,2262,3863,3727,11012,1315,7327,7341,22230,3577
0709,Larvik,2004,3471,3571,11296,2292,3794,3722,11084,1349,7265,7293,22380,3641
0709,Larvik,2005,3445,3571,11403,2306,3738,3713,11147,1385,7183,7284,22550,3691
0709,Larvik,2006,3400,3578,11479,2305,3696,3699,11238,1404,7096,7277,22717,3709
0709,Larvik,2007,3355,3559,11601,2265,3641,3748,11344,1396,6996,7307,22945,3661
0709,Larvik,2008,3381,3632,11693,2262,3673,3825,11420,1423,7054,7457,23113,3685
0709,Larvik,2009,3385,3687,11818,2204,3678,3910,11563,1409,7063,7597,23381,3613
0709,Larvik,2010,3372,3694,11950,2182,3662,3958,11693,1424,7034,7652,23643,3606
0709,Larvik,2011,3394,3662,12062,2183,3643,4020,11807,1419,7037,7682,23869,3602
0709,Larvik,2012,3395,3637,12191,2167,3592,4089,11983,1437,6987,7726,24174,3604
0709,Larvik,2013,3386,3645,12286,2178,3570,4121,12106,1430,6956,7766,24392,3608
0709,Larvik,2014,3393,3611,12365,2200,3555,4108,12176,1458,6948,7719,24541,3658
0711,Svelvik,1999,585,567,1657,242,645,602,1686,140,1230,1169,3343,382
0711,Svelvik,2000,591,568,1682,251,646,591,1722,144,1237,1159,3404,395
0711,Svelvik,2001,605,569,1740,259,671,601,1755,143,1276,1170,3495,402
0711,Svelvik,2002,603,550,1774,252,675,589,1791,135,1278,1139,3565,387
0711,Svelvik,2003,621,523,1797,245,671,574,1798,134,1292,1097,3595,379
0711,Svelvik,2004,597,520,1829,246,679,553,1821,140,1276,1073,3650,386
0711,Svelvik,2005,600,525,1844,247,660,547,1817,147,1260,1072,3661,394
0711,Svelvik,2006,579,523,1879,242,625,553,1833,151,1204,1076,3712,393
0711,Svelvik,2007,581,519,1893,246,618,556,1841,155,1199,1075,3734,401
0711,Svelvik,2008,556,511,1889,247,612,560,1855,164,1168,1071,3744,411
0711,Svelvik,2009,548,514,1900,244,598,566,1873,158,1146,1080,3773,402
0711,Svelvik,2010,538,520,1927,236,594,568,1873,160,1132,1088,3800,396
0711,Svelvik,2011,520,519,1917,249,587,597,1906,151,1107,1116,3823,400
0711,Svelvik,2012,525,547,1932,256,570,609,1928,161,1095,1156,3860,417
0711,Svelvik,2013,506,547,1951,251,540,616,1931,164,1046,1163,3882,415
0711,Svelvik,2014,506,553,1948,253,534,607,1948,174,1040,1160,3896,427
0713,Sande (Vestfold),1999,704,706,1919,303,741,685,1946,197,1445,1391,3865,500
0713,Sande (Vestfold),2000,714,701,1936,310,757,691,1987,188,1471,1392,3923,498
0713,Sande (Vestfold),2001,741,706,1974,309,748,677,2019,197,1489,1383,3993,506
0713,Sande (Vestfold),2002,734,702,1986,325,781,675,2037,196,1515,1377,4023,521
0713,Sande (Vestfold),2003,730,712,1985,328,794,645,2068,201,1524,1357,4053,529
0713,Sande (Vestfold),2004,729,678,2051,332,805,630,2079,198,1534,1308,4130,530
0713,Sande (Vestfold),2005,722,664,2080,347,817,631,2119,208,1539,1295,4199,555
0713,Sande (Vestfold),2006,717,675,2105,356,817,622,2147,199,1534,1297,4252,555
0713,Sande (Vestfold),2007,723,655,2141,350,812,654,2185,203,1535,1309,4326,553
0713,Sande (Vestfold),2008,742,661,2204,347,811,666,2253,211,1553,1327,4457,558
0713,Sande (Vestfold),2009,771,699,2264,347,824,711,2293,204,1595,1410,4557,551
0713,Sande (Vestfold),2010,764,701,2281,355,829,752,2309,204,1593,1453,4590,559
0713,Sande (Vestfold),2011,771,745,2331,353,854,782,2372,221,1625,1527,4703,574
0713,Sande (Vestfold),2012,781,768,2380,355,847,835,2402,225,1628,1603,4782,580
0713,Sande (Vestfold),2013,764,779,2446,359,854,844,2460,232,1618,1623,4906,591
0713,Sande (Vestfold),2014,795,795,2494,377,862,835,2539,239,1657,1630,5033,616
0714,Hof,1999,232,298,721,146,244,286,745,97,476,584,1466,243
0714,Hof,2000,263,295,735,155,259,286,764,99,522,581,1499,254
0714,Hof,2001,291,281,756,155,269,282,796,97,560,563,1552,252
0714,Hof,2002,305,299,774,151,296,248,823,98,601,547,1597,249
0714,Hof,2003,298,279,788,151,301,243,846,102,599,522,1634,253
0714,Hof,2004,291,268,810,145,304,233,842,103,595,501,1652,248
0714,Hof,2005,274,268,818,152,307,226,861,96,581,494,1679,248
0714,Hof,2006,273,258,843,152,309,234,870,91,582,492,1713,243
0714,Hof,2007,287,263,848,147,307,247,881,93,594,510,1729,240
0714,Hof,2008,271,243,845,154,303,237,877,93,574,480,1722,247
0714,Hof,2009,271,242,847,148,313,227,894,89,584,469,1741,237
0714,Hof,2010,273,230,868,138,303,230,917,80,576,460,1785,218
0714,Hof,2011,269,232,867,136,300,233,921,83,569,465,1788,219
0714,Hof,2012,267,226,863,135,281,246,921,83,548,472,1784,218
0714,Hof,2013,260,233,871,128,290,245,929,81,550,478,1800,209
0714,Hof,2014,251,243,891,122,288,252,930,77,539,495,1821,199
0719,Andebu,1999,449,393,1164,214,442,514,1247,146,891,907,2411,360
0719,Andebu,2000,454,405,1174,213,442,504,1270,155,896,909,2444,368
0719,Andebu,2001,474,426,1179,221,453,497,1291,154,927,923,2470,375
0719,Andebu,2002,481,443,1205,211,467,490,1312,162,948,933,2517,373
0719,Andebu,2003,494,433,1245,215,474,478,1341,163,968,911,2586,378
0719,Andebu,2004,502,443,1281,208,484,502,1386,162,986,945,2667,370
0719,Andebu,2005,523,445,1305,213,487,491,1398,159,1010,936,2703,372
0719,Andebu,2006,518,450,1333,209,503,481,1430,159,1021,931,2763,368
0719,Andebu,2007,499,449,1348,210,506,458,1454,151,1005,907,2802,361
0719,Andebu,2008,497,445,1371,212,508,470,1453,160,1005,915,2824,372
0719,Andebu,2009,487,471,1391,201,510,495,1471,152,997,966,2862,353
0719,Andebu,2010,496,459,1400,212,508,517,1485,149,1004,976,2885,361
0719,Andebu,2011,477,500,1427,218,517,522,1504,143,994,1022,2931,361
0719,Andebu,2012,476,508,1458,226,504,528,1544,144,980,1036,3002,370
0719,Andebu,2013,463,522,1491,226,522,549,1567,147,985,1071,3058,373
0719,Andebu,2014,472,529,1531,224,548,549,1640,154,1020,1078,3171,378
0720,Stokke,1999,977,933,2460,338,971,972,2471,188,1948,1905,4931,526
0720,Stokke,2000,985,921,2511,348,991,965,2523,198,1976,1886,5034,546
0720,Stokke,2001,989,926,2554,343,996,929,2553,210,1985,1855,5107,553
0720,Stokke,2002,1004,953,2620,340,1006,955,2611,212,2010,1908,5231,552
0720,Stokke,2003,984,973,2681,338,1035,947,2691,223,2019,1920,5372,561
0720,Stokke,2004,974,966,2669,344,1044,927,2721,221,2018,1893,5390,565
0720,Stokke,2005,959,943,2704,348,1039,940,2746,233,1998,1883,5450,581
0720,Stokke,2006,975,936,2747,354,1019,981,2771,237,1994,1917,5518,591
0720,Stokke,2007,982,949,2817,354,997,981,2810,237,1979,1930,5627,591
0720,Stokke,2008,965,1041,2861,351,1016,1046,2918,229,1981,2087,5779,580
0720,Stokke,2009,975,1110,2914,356,1005,1130,3005,231,1980,2240,5919,587
0720,Stokke,2010,971,1128,2982,351,1024,1134,3021,241,1995,2262,6003,592
0720,Stokke,2011,956,1108,3050,345,1033,1151,3093,257,1989,2259,6143,602
0720,Stokke,2012,929,1095,3081,353,1051,1127,3154,254,1980,2222,6235,607
0720,Stokke,2013,942,1158,3134,374,1035,1128,3240,256,1977,2286,6374,630
0720,Stokke,2014,949,1131,3158,393,1057,1157,3279,266,2006,2288,6437,659
0722,Nøtterøy,1999,1832,1675,5511,887,1869,1698,5185,529,3701,3373,10696,1416
0722,Nøtterøy,2000,1877,1631,5561,914,1896,1728,5241,535,3773,3359,10802,1449
0722,Nøtterøy,2001,1886,1633,5604,932,1928,1707,5273,559,3814,3340,10877,1491
0722,Nøtterøy,2002,1891,1576,5641,944,1915,1715,5319,594,3806,3291,10960,1538
0722,Nøtterøy,2003,1900,1594,5691,957,1918,1709,5377,599,3818,3303,11068,1556
0722,Nøtterøy,2004,1880,1624,5717,992,1876,1737,5396,627,3756,3361,11113,1619
0722,Nøtterøy,2005,1828,1639,5733,996,1880,1696,5396,652,3708,3335,11129,1648
0722,Nøtterøy,2006,1790,1676,5762,1016,1879,1753,5363,669,3669,3429,11125,1685
0722,Nøtterøy,2007,1796,1708,5777,1029,1860,1779,5440,692,3656,3487,11217,1721
0722,Nøtterøy,2008,1765,1748,5768,1049,1854,1848,5486,694,3619,3596,11254,1743
0722,Nøtterøy,2009,1764,1774,5840,1041,1852,1880,5553,677,3616,3654,11393,1718
0722,Nøtterøy,2010,1750,1861,5879,1027,1837,1901,5593,682,3587,3762,11472,1709
0722,Nøtterøy,2011,1760,1878,5932,1045,1840,1904,5634,680,3600,3782,11566,1725
0722,Nøtterøy,2012,1767,1877,5996,1040,1852,1894,5687,672,3619,3771,11683,1712
0722,Nøtterøy,2013,1766,1892,6040,1051,1857,1863,5739,680,3623,3755,11779,1731
0722,Nøtterøy,2014,1802,1900,6150,1062,1918,1869,5828,696,3720,3769,11978,1758
0723,Tjøme,1999,428,379,1215,218,447,386,1210,115,875,765,2425,333
0723,Tjøme,2000,434,375,1233,222,450,386,1225,123,884,761,2458,345
0723,Tjøme,2001,458,350,1247,220,458,375,1253,129,916,725,2500,349
0723,Tjøme,2002,442,356,1246,231,469,373,1251,120,911,729,2497,351
0723,Tjøme,2003,444,356,1263,217,465,364,1257,126,909,720,2520,343
0723,Tjøme,2004,424,374,1281,216,469,361,1256,129,893,735,2537,345
0723,Tjøme,2005,422,364,1315,211,444,372,1277,126,866,736,2592,337
0723,Tjøme,2006,404,372,1328,207,452,368,1284,124,856,740,2612,331
0723,Tjøme,2007,379,354,1317,206,414,378,1284,123,793,732,2601,329
0723,Tjøme,2008,377,368,1329,209,391,377,1323,134,768,745,2652,343
0723,Tjøme,2009,364,383,1380,217,393,401,1341,138,757,784,2721,355
0723,Tjøme,2010,332,383,1396,219,401,401,1371,142,733,784,2767,361
0723,Tjøme,2011,330,386,1410,226,401,403,1397,149,731,789,2807,375
0723,Tjøme,2012,342,395,1449,215,396,434,1398,150,738,829,2847,365
0723,Tjøme,2013,318,407,1471,224,379,445,1435,149,697,852,2906,373
0723,Tjøme,2014,309,426,1481,224,369,450,1470,159,678,876,2951,383
0728,Lardal,1999,182,212,609,138,186,242,642,96,368,454,1251,234
0728,Lardal,2000,189,227,612,136,192,239,653,104,381,466,1265,240
0728,Lardal,2001,198,219,621,135,204,230,655,109,402,449,1276,244
0728,Lardal,2002,199,209,631,138,203,212,650,114,402,421,1281,252
0728,Lardal,2003,208,205,637,137,210,216,660,109,418,421,1297,246
0728,Lardal,2004,192,196,638,139,207,207,670,105,399,403,1308,244
0728,Lardal,2005,194,190,665,140,218,211,680,102,412,401,1345,242
0728,Lardal,2006,186,186,684,140,234,202,682,107,420,388,1366,247
0728,Lardal,2007,173,184,676,141,229,197,694,99,402,381,1370,240
0728,Lardal,2008,176,182,659,140,221,199,691,96,397,381,1350,236
0728,Lardal,2009,172,179,658,140,216,188,705,92,388,367,1363,232
0728,Lardal,2010,169,191,664,143,223,195,712,90,392,386,1376,233
0728,Lardal,2011,172,185,673,137,218,203,725,83,390,388,1398,220
0728,Lardal,2012,163,174,685,127,218,207,728,80,381,381,1413,207
0728,Lardal,2013,172,186,694,127,230,201,725,77,402,387,1419,204
0728,Lardal,2014,170,181,701,126,235,201,742,78,405,382,1443,204
0805,Porsgrunn,1999,2828,3042,8729,1878,2909,3201,8462,1125,5737,6243,17191,3003
0805,Porsgrunn,2000,2919,3002,8818,1903,2940,3142,8595,1160,5859,6144,17413,3063
0805,Porsgrunn,2001,2969,2926,8888,1925,2993,3126,8747,1159,5962,6052,17635,3084
0805,Porsgrunn,2002,2967,2875,8937,1931,3032,2999,8864,1152,5999,5874,17801,3083
0805,Porsgrunn,2003,2980,2857,9019,1956,3031,2939,8944,1143,6011,5796,17963,3099
0805,Porsgrunn,2004,2967,2866,9083,1914,3004,2945,9035,1145,5971,5811,18118,3059
0805,Porsgrunn,2005,2953,2831,9176,1911,2953,2983,9092,1141,5906,5814,18268,3052
0805,Porsgrunn,2006,2929,2872,9254,1899,2893,3017,9171,1139,5822,5889,18425,3038
0805,Porsgrunn,2007,2940,2930,9420,1887,2915,3098,9346,1096,5855,6028,18766,2983
0805,Porsgrunn,2008,2892,2958,9474,1873,2881,3192,9488,1072,5773,6150,18962,2945
0805,Porsgrunn,2009,2894,2979,9586,1816,2901,3196,9606,1037,5795,6175,19192,2853
0805,Porsgrunn,2010,2864,3029,9715,1778,2883,3321,9634,1035,5747,6350,19349,2813
0805,Porsgrunn,2011,2857,3112,9802,1749,2902,3353,9842,1036,5759,6465,19644,2785
0805,Porsgrunn,2012,2821,3163,9891,1733,2875,3433,9942,1033,5696,6596,19833,2766
0805,Porsgrunn,2013,2804,3216,9926,1717,2857,3453,10000,1068,5661,6669,19926,2785
0805,Porsgrunn,2014,2798,3233,9984,1722,2831,3483,10069,1067,5629,6716,20053,2789
0806,Skien,1999,4340,4744,13302,2720,4500,4917,12901,1481,8840,9661,26203,4201
0806,Skien,2000,4378,4607,13434,2733,4534,4804,13005,1532,8912,9411,26439,4265
0806,Skien,2001,4366,4563,13533,2755,4530,4790,13079,1543,8896,9353,26612,4298
0806,Skien,2002,4394,4594,13619,2756,4571,4680,13195,1567,8965,9274,26814,4323
0806,Skien,2003,4393,4555,13816,2737,4644,4625,13369,1590,9037,9180,27185,4327
0806,Skien,2004,4379,4550,13987,2700,4579,4637,13522,1578,8958,9187,27509,4278
0806,Skien,2005,4365,4499,14126,2724,4578,4638,13644,1549,8943,9137,27770,4273
0806,Skien,2006,4355,4475,14162,2718,4556,4649,13724,1589,8911,9124,27886,4307
0806,Skien,2007,4285,4481,14207,2666,4477,4672,13783,1588,8762,9153,27990,4254
0806,Skien,2008,4250,4531,14281,2638,4483,4671,13919,1557,8733,9202,28200,4195
0806,Skien,2009,4205,4712,14419,2572,4491,4773,14068,1544,8696,9485,28487,4116
0806,Skien,2010,4204,4819,14499,2544,4473,4861,14213,1520,8677,9680,28712,4064
0806,Skien,2011,4165,4903,14600,2525,4443,4983,14370,1509,8608,9886,28970,4034
0806,Skien,2012,4178,4966,14758,2503,4415,5043,14541,1513,8593,10009,29299,4016
0806,Skien,2013,4160,5050,14887,2508,4445,5146,14714,1499,8605,10196,29601,4007
0806,Skien,2014,4194,5076,15021,2504,4494,5260,14777,1549,8688,10336,29798,4053
0807,Notodden,1999,961,1120,3224,852,1044,1138,3191,553,2005,2258,6415,1405
0807,Notodden,2000,959,1113,3227,870,1047,1174,3189,553,2006,2287,6416,1423
0807,Notodden,2001,943,1106,3234,882,1038,1152,3206,560,1981,2258,6440,1442
0807,Notodden,2002,967,1066,3281,865,1044,1150,3257,557,2011,2216,6538,1422
0807,Notodden,2003,981,1059,3315,870,1061,1145,3266,553,2042,2204,6581,1423
0807,Notodden,2004,955,1076,3292,868,1060,1132,3280,545,2015,2208,6572,1413
0807,Notodden,2005,934,1078,3319,869,1049,1132,3320,533,1983,2210,6639,1402
0807,Notodden,2006,928,1085,3300,885,1037,1100,3329,523,1965,2185,6629,1408
0807,Notodden,2007,925,1035,3302,893,1024,1080,3328,512,1949,2115,6630,1405
0807,Notodden,2008,922,1060,3296,866,1033,1082,3346,502,1955,2142,6642,1368
0807,Notodden,2009,920,1070,3338,855,1029,1103,3362,504,1949,2173,6700,1359
0807,Notodden,2010,912,1081,3370,838,1027,1143,3397,494,1939,2224,6767,1332
0807,Notodden,2011,918,1094,3379,819,1003,1146,3430,475,1921,2240,6809,1294
0807,Notodden,2012,921,1088,3404,792,1025,1171,3453,483,1946,2259,6857,1275
0807,Notodden,2013,922,1118,3419,745,1023,1187,3491,467,1945,2305,6910,1212
0807,Notodden,2014,942,1116,3445,746,1044,1180,3530,476,1986,2296,6975,1222
0811,Siljan,1999,233,220,587,74,222,231,606,68,455,451,1193,142
0811,Siljan,2000,233,208,594,77,228,221,617,63,461,429,1211,140
0811,Siljan,2001,239,208,617,76,241,213,632,67,480,421,1249,143
0811,Siljan,2002,234,206,618,80,254,206,636,72,488,412,1254,152
0811,Siljan,2003,242,211,631,81,256,200,638,65,498,411,1269,146
0811,Siljan,2004,237,219,635,79,253,206,637,66,490,425,1272,145
0811,Siljan,2005,231,228,638,82,252,198,651,69,483,426,1289,151
0811,Siljan,2006,219,227,640,81,237,224,640,68,456,451,1280,149
0811,Siljan,2007,215,219,649,84,244,217,639,69,459,436,1288,153
0811,Siljan,2008,211,223,656,86,235,235,637,73,446,458,1293,159
0811,Siljan,2009,199,224,661,89,237,240,641,75,436,464,1302,164
0811,Siljan,2010,200,231,663,88,252,225,659,76,452,456,1322,164
0811,Siljan,2011,196,224,669,94,242,222,674,74,438,446,1343,168
0811,Siljan,2012,186,237,670,97,240,234,664,77,426,471,1334,174
0811,Siljan,2013,202,228,667,100,236,232,659,74,438,460,1326,174
0811,Siljan,2014,196,218,668,106,233,210,670,78,429,428,1338,184
0814,Bamble,1999,1377,1403,3693,479,1482,1478,3727,314,2859,2881,7420,793
0814,Bamble,2000,1364,1375,3745,472,1483,1472,3752,324,2847,2847,7497,796
0814,Bamble,2001,1371,1339,3772,486,1480,1480,3806,317,2851,2819,7578,803
0814,Bamble,2002,1340,1310,3780,494,1472,1429,3841,317,2812,2739,7621,811
0814,Bamble,2003,1332,1276,3857,494,1462,1395,3882,325,2794,2671,7739,819
0814,Bamble,2004,1307,1282,3888,507,1423,1365,3908,332,2730,2647,7796,839
0814,Bamble,2005,1284,1262,3905,514,1402,1389,3913,347,2686,2651,7818,861
0814,Bamble,2006,1244,1274,3906,521,1355,1369,3939,352,2599,2643,7845,873
0814,Bamble,2007,1207,1275,3912,520,1314,1368,3945,368,2521,2643,7857,888
0814,Bamble,2008,1222,1258,3954,515,1269,1400,3962,370,2491,2658,7916,885
0814,Bamble,2009,1186,1241,3958,524,1281,1414,3998,362,2467,2655,7956,886
0814,Bamble,2010,1130,1259,4003,510,1276,1400,4045,360,2406,2659,8048,870
0814,Bamble,2011,1103,1281,3972,504,1227,1419,4027,366,2330,2700,7999,870
0814,Bamble,2012,1082,1288,3984,506,1235,1439,4040,367,2317,2727,8024,873
0814,Bamble,2013,1100,1277,4010,504,1222,1448,4074,376,2322,2725,8084,880
0814,Bamble,2014,1112,1275,4035,510,1173,1468,4097,387,2285,2743,8132,897
0815,Kragerø,1999,837,1037,2791,649,964,1125,2770,359,1801,2162,5561,1008
0815,Kragerø,2000,866,1012,2819,623,968,1076,2835,353,1834,2088,5654,976
0815,Kragerø,2001,880,968,2855,594,955,1033,2862,352,1835,2001,5717,946
0815,Kragerø,2002,898,942,2866,588,948,1010,2915,349,1846,1952,5781,937
0815,Kragerø,2003,878,914,2896,573,910,1009,2937,352,1788,1923,5833,925
0815,Kragerø,2004,876,909,2918,579,900,984,2972,344,1776,1893,5890,923
0815,Kragerø,2005,853,909,2937,564,864,995,2980,342,1717,1904,5917,906
0815,Kragerø,2006,844,882,2944,552,866,960,2990,348,1710,1842,5934,900
0815,Kragerø,2007,825,865,2988,544,855,957,3002,348,1680,1822,5990,892
0815,Kragerø,2008,819,877,3037,532,865,966,3061,346,1684,1843,6098,878
0815,Kragerø,2009,804,891,3054,528,864,939,3094,344,1668,1830,6148,872
0815,Kragerø,2010,790,865,3099,527,838,945,3111,341,1628,1810,6210,868
0815,Kragerø,2011,789,869,3131,539,825,973,3128,341,1614,1842,6259,880
0815,Kragerø,2012,780,870,3151,546,831,976,3116,348,1611,1846,6267,894
0815,Kragerø,2013,757,894,3137,541,819,981,3130,355,1576,1875,6267,896
0815,Kragerø,2014,732,875,3127,540,815,968,3106,373,1547,1843,6233,913
0817,Drangedal,1999,352,375,1054,288,330,429,1087,189,682,804,2141,477
0817,Drangedal,2000,350,383,1052,300,334,432,1088,190,684,815,2140,490
0817,Drangedal,2001,362,385,1055,296,347,421,1102,191,709,806,2157,487
0817,Drangedal,2002,356,382,1059,289,349,401,1117,190,705,783,2176,479
0817,Drangedal,2003,352,379,1062,287,359,404,1107,188,711,783,2169,475
0817,Drangedal,2004,348,380,1064,287,363,386,1117,190,711,766,2181,477
0817,Drangedal,2005,354,357,1069,287,357,369,1128,183,711,726,2197,470
0817,Drangedal,2006,357,353,1079,291,351,363,1141,184,708,716,2220,475
0817,Drangedal,2007,350,338,1098,282,353,341,1156,189,703,679,2254,471
0817,Drangedal,2008,330,329,1106,274,351,338,1158,182,681,667,2264,456
0817,Drangedal,2009,334,334,1124,257,358,345,1172,184,692,679,2296,441
0817,Drangedal,2010,337,327,1131,263,346,350,1184,184,683,677,2315,447
0817,Drangedal,2011,332,330,1117,249,348,340,1195,180,680,670,2312,429
0817,Drangedal,2012,333,327,1131,239,334,338,1197,180,667,665,2328,419
0817,Drangedal,2013,337,328,1142,234,345,333,1207,174,682,661,2349,408
0817,Drangedal,2014,326,332,1134,240,332,355,1214,160,658,687,2348,400
0819,Nome,1999,533,605,1773,416,555,603,1817,258,1088,1208,3590,674
0819,Nome,2000,539,594,1789,409,564,587,1819,269,1103,1181,3608,678
0819,Nome,2001,555,574,1803,422,574,550,1852,263,1129,1124,3655,685
0819,Nome,2002,544,573,1792,434,584,537,1855,257,1128,1110,3647,691
0819,Nome,2003,555,531,1800,414,572,520,1862,259,1127,1051,3662,673
0819,Nome,2004,563,527,1785,436,564,528,1879,249,1127,1055,3664,685
0819,Nome,2005,560,523,1771,429,553,525,1893,246,1113,1048,3664,675
0819,Nome,2006,570,520,1772,426,549,528,1888,253,1119,1048,3660,679
0819,Nome,2007,558,530,1774,418,537,537,1911,252,1095,1067,3685,670
0819,Nome,2008,542,543,1793,410,528,528,1932,256,1070,1071,3725,666
0819,Nome,2009,525,548,1787,401,528,546,1934,238,1053,1094,3721,639
0819,Nome,2010,506,548,1795,400,523,547,1911,235,1029,1095,3706,635
0819,Nome,2011,493,548,1823,405,524,558,1914,230,1017,1106,3737,635
0819,Nome,2012,493,558,1823,397,525,579,1918,232,1018,1137,3741,629
0819,Nome,2013,504,537,1844,395,522,589,1938,226,1026,1126,3782,621
0819,Nome,2014,491,552,1861,389,525,582,1954,222,1016,1134,3815,611
0821,Bø (Telemark),1999,405,558,1302,269,436,539,1252,186,841,1097,2554,455
0821,Bø (Telemark),2000,399,545,1305,262,437,529,1254,177,836,1074,2559,439
0821,Bø (Telemark),2001,422,539,1344,260,449,545,1287,174,871,1084,2631,434
0821,Bø (Telemark),2002,439,573,1349,270,447,566,1287,175,886,1139,2636,445
0821,Bø (Telemark),2003,434,561,1377,285,458,568,1310,169,892,1129,2687,454
0821,Bø (Telemark),2004,433,544,1363,295,439,557,1314,166,872,1101,2677,461
0821,Bø (Telemark),2005,430,546,1396,288,442,565,1351,172,872,1111,2747,460
0821,Bø (Telemark),2006,444,532,1425,288,450,573,1380,168,894,1105,2805,456
0821,Bø (Telemark),2007,444,529,1425,296,449,578,1368,175,893,1107,2793,471
0821,Bø (Telemark),2008,458,552,1443,305,476,570,1399,169,934,1122,2842,474
0821,Bø (Telemark),2009,467,565,1475,307,480,572,1413,174,947,1137,2888,481
0821,Bø (Telemark),2010,474,559,1488,309,476,619,1424,176,950,1178,2912,485
0821,Bø (Telemark),2011,461,565,1501,304,483,648,1444,180,944,1213,2945,484
0821,Bø (Telemark),2012,457,593,1538,289,502,673,1473,180,959,1266,3011,469
0821,Bø (Telemark),2013,452,598,1536,295,489,691,1484,178,941,1289,3020,473
0821,Bø (Telemark),2014,463,612,1534,287,500,689,1495,177,963,1301,3029,464
0822,Sauherad,1999,377,409,1102,247,446,429,1143,173,823,838,2245,420
0822,Sauherad,2000,386,398,1114,249,455,417,1163,186,841,815,2277,435
0822,Sauherad,2001,385,400,1119,239,434,428,1165,181,819,828,2284,420
0822,Sauherad,2002,385,382,1135,230,419,426,1159,179,804,808,2294,409
0822,Sauherad,2003,387,396,1134,222,412,432,1159,177,799,828,2293,399
0822,Sauherad,2004,378,387,1133,210,418,432,1178,169,796,819,2311,379
0822,Sauherad,2005,375,396,1138,211,411,426,1175,156,786,822,2313,367
0822,Sauherad,2006,362,394,1144,211,390,422,1180,142,752,816,2324,353
0822,Sauherad,2007,357,378,1145,215,377,437,1173,149,734,815,2318,364
0822,Sauherad,2008,350,380,1148,213,379,433,1176,150,729,813,2324,363
0822,Sauherad,2009,353,381,1151,212,367,425,1189,152,720,806,2340,364
0822,Sauherad,2010,353,379,1134,221,371,422,1196,157,724,801,2330,378
0822,Sauherad,2011,357,383,1180,218,367,428,1214,162,724,811,2394,380
0822,Sauherad,2012,340,386,1176,219,361,413,1222,161,701,799,2398,380
0822,Sauherad,2013,335,395,1182,226,362,413,1238,165,697,808,2420,391
0822,Sauherad,2014,327,387,1177,223,343,422,1249,164,670,809,2426,387
0826,Tinn,1999,508,626,1716,484,541,614,1681,297,1049,1240,3397,781
0826,Tinn,2000,532,614,1702,505,543,610,1692,286,1075,1224,3394,791
0826,Tinn,2001,529,593,1714,496,540,593,1727,278,1069,1186,3441,774
0826,Tinn,2002,540,571,1693,495,528,567,1727,274,1068,1138,3420,769
0826,Tinn,2003,541,526,1696,479,519,553,1701,265,1060,1079,3397,744
0826,Tinn,2004,542,531,1705,486,535,553,1734,258,1077,1084,3439,744
0826,Tinn,2005,544,527,1703,478,525,532,1740,260,1069,1059,3443,738
0826,Tinn,2006,539,505,1694,475,501,508,1718,258,1040,1013,3412,733
0826,Tinn,2007,524,484,1679,465,471,493,1692,261,995,977,3371,726
0826,Tinn,2008,510,479,1683,446,458,486,1704,246,968,965,3387,692
0826,Tinn,2009,510,447,1703,436,443,470,1702,235,953,917,3405,671
0826,Tinn,2010,514,459,1702,422,442,464,1713,243,956,923,3415,665
0826,Tinn,2011,500,474,1702,417,453,476,1714,249,953,950,3416,666
0826,Tinn,2012,480,471,1693,402,446,481,1716,241,926,952,3409,643
0826,Tinn,2013,483,467,1699,378,432,492,1731,230,915,959,3430,608
0826,Tinn,2014,480,464,1706,369,438,500,1725,228,918,964,3431,597
0827,Hjartdal,1999,155,136,413,113,138,152,477,88,293,288,890,201
0827,Hjartdal,2000,161,131,407,121,130,158,480,81,291,289,887,202
0827,Hjartdal,2001,166,141,403,116,132,139,475,84,298,280,878,200
0827,Hjartdal,2002,164,133,400,115,134,136,459,80,298,269,859,195
0827,Hjartdal,2003,158,137,398,112,122,132,464,75,280,269,862,187
0827,Hjartdal,2004,149,136,410,113,117,141,465,80,266,277,875,193
0827,Hjartdal,2005,150,133,421,114,117,137,458,85,267,270,879,199
0827,Hjartdal,2006,145,137,420,110,118,138,457,82,263,275,877,192
0827,Hjartdal,2007,145,136,424,105,115,135,459,81,260,271,883,186
0827,Hjartdal,2008,148,130,423,109,113,132,469,81,261,262,892,190
0827,Hjartdal,2009,143,130,422,108,111,130,475,80,254,260,897,188
0827,Hjartdal,2010,140,128,416,111,109,127,468,78,249,255,884,189
0827,Hjartdal,2011,135,133,414,111,111,135,465,76,246,268,879,187
0827,Hjartdal,2012,126,147,409,112,106,145,462,78,232,292,871,190
0827,Hjartdal,2013,129,144,414,109,112,147,465,78,241,291,879,187
0827,Hjartdal,2014,127,143,417,107,111,142,462,75,238,285,879,182
0828,Seljord,1999,225,283,782,171,258,323,785,117,483,606,1567,288
0828,Seljord,2000,214,279,783,171,247,314,777,119,461,593,1560,290
0828,Seljord,2001,220,265,803,167,238,320,780,114,458,585,1583,281
0828,Seljord,2002,216,267,803,175,236,301,787,122,452,568,1590,297
0828,Seljord,2003,210,268,797,175,229,305,798,114,439,573,1595,289
0828,Seljord,2004,208,271,790,171,221,300,793,117,429,571,1583,288
0828,Seljord,2005,210,250,808,166,228,292,807,121,438,542,1615,287
0828,Seljord,2006,218,242,803,175,231,276,824,117,449,518,1627,292
0828,Seljord,2007,225,239,811,176,230,267,833,117,455,506,1644,293
0828,Seljord,2008,229,252,805,177,230,263,834,118,459,515,1639,295
0828,Seljord,2009,236,241,823,184,210,257,830,119,446,498,1653,303
0828,Seljord,2010,238,240,835,187,212,263,835,118,450,503,1670,305
0828,Seljord,2011,239,225,836,189,222,260,832,118,461,485,1668,307
0828,Seljord,2012,240,212,843,179,228,258,840,121,468,470,1683,300
0828,Seljord,2013,238,216,844,175,230,252,839,124,468,468,1683,299
0828,Seljord,2014,247,225,848,179,228,266,843,123,475,491,1691,302
0829,Kviteseid,1999,205,235,707,171,235,252,701,125,440,487,1408,296
0829,Kviteseid,2000,214,238,704,170,236,257,698,125,450,495,1402,295
0829,Kviteseid,2001,213,234,711,170,235,258,702,121,448,492,1413,291
0829,Kviteseid,2002,220,220,725,167,241,260,690,128,461,480,1415,295
0829,Kviteseid,2003,210,217,714,161,236,254,698,125,446,471,1412,286
0829,Kviteseid,2004,214,208,707,168,233,261,698,116,447,469,1405,284
0829,Kviteseid,2005,208,194,703,172,215,268,699,113,423,462,1402,285
0829,Kviteseid,2006,209,194,701,174,205,259,712,104,414,453,1413,278
0829,Kviteseid,2007,198,192,695,174,198,247,715,101,396,439,1410,275
0829,Kviteseid,2008,199,183,706,176,197,250,732,101,396,433,1438,277
0829,Kviteseid,2009,200,177,709,170,186,239,743,101,386,416,1452,271
0829,Kviteseid,2010,191,181,688,178,188,239,736,103,379,420,1424,281
0829,Kviteseid,2011,185,183,680,177,182,238,727,104,367,421,1407,281
0829,Kviteseid,2012,190,188,683,165,183,237,719,109,373,425,1402,274
0829,Kviteseid,2013,185,192,696,160,176,238,731,110,361,430,1427,270
0829,Kviteseid,2014,178,186,687,157,168,233,733,105,346,419,1420,262
0830,Nissedal,1999,126,141,361,97,151,150,358,66,277,291,719,163
0830,Nissedal,2000,119,135,361,99,148,153,355,63,267,288,716,162
0830,Nissedal,2001,122,138,367,95,154,144,369,60,276,282,736,155
0830,Nissedal,2002,120,129,367,93,147,144,372,57,267,273,739,150
0830,Nissedal,2003,111,131,367,93,145,145,386,55,256,276,753,148
0830,Nissedal,2004,109,129,371,87,142,141,382,54,251,270,753,141
0830,Nissedal,2005,104,125,374,89,145,138,377,50,249,263,751,139
0830,Nissedal,2006,94,116,376,88,141,138,386,52,235,254,762,140
0830,Nissedal,2007,89,116,379,79,135,132,385,53,224,248,764,132
0830,Nissedal,2008,84,107,385,78,129,137,390,53,213,244,775,131
0830,Nissedal,2009,90,113,392,72,123,147,386,54,213,260,778,126
0830,Nissedal,2010,98,114,392,70,117,150,396,52,215,264,788,122
0830,Nissedal,2011,113,100,398,69,111,142,400,54,224,242,798,123
0830,Nissedal,2012,116,100,401,68,111,157,406,51,227,257,807,119
0830,Nissedal,2013,117,106,390,73,113,150,413,50,230,256,803,123
0830,Nissedal,2014,116,107,410,71,109,150,420,47,225,257,830,118
0831,Fyresdal,1999,114,122,339,89,123,137,347,51,237,259,686,140
0831,Fyresdal,2000,118,120,338,89,133,129,355,51,251,249,693,140
0831,Fyresdal,2001,121,114,346,91,133,122,363,49,254,236,709,140
0831,Fyresdal,2002,119,110,347,87,129,123,357,47,248,233,704,134
0831,Fyresdal,2003,112,99,339,89,125,123,359,50,237,222,698,139
0831,Fyresdal,2004,122,107,346,88,129,116,374,51,251,223,720,139
0831,Fyresdal,2005,122,106,349,91,129,112,377,52,251,218,726,143
0831,Fyresdal,2006,129,106,349,89,130,112,391,48,259,218,740,137
0831,Fyresdal,2007,128,91,361,82,131,120,389,50,259,211,750,132
0831,Fyresdal,2008,120,99,371,83,128,122,386,49,248,221,757,132
0831,Fyresdal,2009,119,104,370,80,129,124,393,47,248,228,763,127
0831,Fyresdal,2010,109,109,369,77,128,128,399,46,237,237,768,123
0831,Fyresdal,2011,111,110,365,70,122,133,385,49,233,243,750,119
0831,Fyresdal,2012,104,111,359,71,111,132,383,49,215,243,742,120
0831,Fyresdal,2013,111,117,362,71,120,133,379,46,231,250,741,117
0831,Fyresdal,2014,104,114,348,66,112,128,377,44,216,242,725,110
0833,Tokke,1999,212,208,641,170,230,233,679,127,442,441,1320,297
0833,Tokke,2000,209,195,624,177,238,241,666,125,447,436,1290,302
0833,Tokke,2001,201,200,614,185,244,233,661,121,445,433,1275,306
0833,Tokke,2002,201,196,630,187,252,229,657,118,453,425,1287,305
0833,Tokke,2003,194,187,624,188,238,234,661,112,432,421,1285,300
0833,Tokke,2004,195,192,618,197,232,230,666,110,427,422,1284,307
0833,Tokke,2005,191,191,626,188,225,234,670,114,416,425,1296,302
0833,Tokke,2006,179,194,621,181,216,233,664,108,395,427,1285,289
0833,Tokke,2007,187,191,622,170,207,240,661,108,394,431,1283,278
0833,Tokke,2008,189,173,618,157,203,230,665,109,392,403,1283,266
0833,Tokke,2009,198,170,626,152,198,215,678,105,396,385,1304,257
0833,Tokke,2010,183,179,620,155,186,215,672,106,369,394,1292,261
0833,Tokke,2011,188,173,615,159,184,210,661,103,372,383,1276,262
0833,Tokke,2012,187,182,606,147,174,215,651,104,361,397,1257,251
0833,Tokke,2013,185,179,605,144,178,212,661,101,363,391,1266,245
0833,Tokke,2014,177,183,602,137,171,221,641,102,348,404,1243,239
0834,Vinje,1999,366,349,968,226,375,414,1015,136,741,763,1983,362
0834,Vinje,2000,368,342,971,212,367,405,1024,138,735,747,1995,350
0834,Vinje,2001,365,332,971,213,354,404,1013,143,719,736,1984,356
0834,Vinje,2002,376,308,978,208,359,383,1045,140,735,691,2023,348
0834,Vinje,2003,368,316,986,208,370,361,1035,138,738,677,2021,346
0834,Vinje,2004,351,313,979,208,350,363,1014,138,701,676,1993,346
0834,Vinje,2005,347,320,984,203,352,365,1013,135,699,685,1997,338
0834,Vinje,2006,325,328,986,185,339,354,1004,138,664,682,1990,323
0834,Vinje,2007,312,334,982,184,331,360,1014,132,643,694,1996,316
0834,Vinje,2008,307,329,985,176,316,355,1006,130,623,684,1991,306
0834,Vinje,2009,297,345,985,177,301,361,1024,131,598,706,2009,308
0834,Vinje,2010,299,333,988,176,288,360,1034,127,587,693,2022,303
0834,Vinje,2011,294,336,1002,179,282,369,1029,138,576,705,2031,317
0834,Vinje,2012,293,343,1014,174,281,362,1054,137,574,705,2068,311
0834,Vinje,2013,283,348,1024,175,294,360,1067,135,577,708,2091,310
0834,Vinje,2014,272,356,1030,179,290,358,1064,136,562,714,2094,315
0901,Risør,1999,617,629,1804,417,593,739,1802,298,1210,1368,3606,715
0901,Risør,2000,625,625,1825,417,592,729,1820,292,1217,1354,3645,709
0901,Risør,2001,618,612,1852,416,624,696,1828,300,1242,1308,3680,716
0901,Risør,2002,618,601,1859,423,640,671,1862,291,1258,1272,3721,714
0901,Risør,2003,606,604,1865,427,641,647,1858,291,1247,1251,3723,718
0901,Risør,2004,587,611,1850,426,624,620,1880,282,1211,1231,3730,708
0901,Risør,2005,576,582,1877,425,596,608,1908,273,1172,1190,3785,698
0901,Risør,2006,583,564,1876,423,577,619,1894,275,1160,1183,3770,698
0901,Risør,2007,555,565,1892,416,540,619,1919,281,1095,1184,3811,697
0901,Risør,2008,553,575,1911,417,552,625,1939,260,1105,1200,3850,677
0901,Risør,2009,534,563,1916,414,546,643,1944,257,1080,1206,3860,671
0901,Risør,2010,541,575,1930,390,558,633,1954,253,1099,1208,3884,643
0901,Risør,2011,523,585,1931,383,542,636,1959,251,1065,1221,3890,634
0901,Risør,2012,520,582,1955,372,538,635,1976,244,1058,1217,3931,616
0901,Risør,2013,536,579,1957,357,527,637,1986,219,1063,1216,3943,576
0901,Risør,2014,517,616,1958,356,516,632,2023,215,1033,1248,3981,571
0904,Grimstad,1999,1753,1850,4346,736,1822,1968,4447,427,3575,3818,8793,1163
0904,Grimstad,2000,1803,1827,4432,738,1876,1926,4552,423,3679,3753,8984,1161
0904,Grimstad,2001,1827,1821,4534,729,1904,1930,4628,413,3731,3751,9162,1142
0904,Grimstad,2002,1873,1827,4639,752,1914,1940,4723,416,3787,3767,9362,1168
0904,Grimstad,2003,1880,1846,4737,767,1942,1900,4804,426,3822,3746,9541,1193
0904,Grimstad,2004,1882,1831,4875,745,1971,1868,4907,422,3853,3699,9782,1167
0904,Grimstad,2005,1869,1818,4975,742,1956,1839,4992,423,3825,3657,9967,1165
0904,Grimstad,2006,1930,1853,5099,744,1996,1850,5085,427,3926,3703,10184,1171
0904,Grimstad,2007,1943,1881,5202,739,1984,1891,5194,431,3927,3772,10396,1170
0904,Grimstad,2008,1981,1881,5272,747,1983,1949,5313,433,3964,3830,10585,1180
0904,Grimstad,2009,1961,1947,5351,745,2014,2003,5405,446,3975,3950,10756,1191
0904,Grimstad,2010,1967,1960,5446,754,2026,2133,5455,472,3993,4093,10901,1226
0904,Grimstad,2011,1965,2023,5533,743,2038,2231,5548,488,4003,4254,11081,1231
0904,Grimstad,2012,1992,2064,5646,762,2077,2322,5672,512,4069,4386,11318,1274
0904,Grimstad,2013,2002,2114,5705,767,2052,2406,5758,531,4054,4520,11463,1298
0904,Grimstad,2014,1997,2164,5761,783,2020,2462,5797,562,4017,4626,11558,1345
0906,Arendal,1999,3433,3921,10349,1989,3700,4165,10129,1092,7133,8086,20478,3081
0906,Arendal,2000,3464,3887,10439,1972,3702,4133,10244,1096,7166,8020,20683,3068
0906,Arendal,2001,3526,3841,10482,1983,3721,4060,10386,1072,7247,7901,20868,3055
0906,Arendal,2002,3499,3789,10568,1969,3721,4006,10457,1086,7220,7795,21025,3055
0906,Arendal,2003,3463,3681,10679,1964,3715,3912,10588,1080,7178,7593,21267,3044
0906,Arendal,2004,3466,3606,10767,1973,3666,3841,10668,1087,7132,7447,21435,3060
0906,Arendal,2005,3447,3588,10866,1946,3638,3844,10808,1108,7085,7432,21674,3054
0906,Arendal,2006,3433,3580,10993,1908,3608,3848,10883,1131,7041,7428,21876,3039
0906,Arendal,2007,3407,3589,11079,1895,3621,3805,11075,1114,7028,7394,22154,3009
0906,Arendal,2008,3429,3690,11260,1889,3636,3906,11290,1111,7065,7596,22550,3000
0906,Arendal,2009,3472,3735,11439,1878,3659,3947,11475,1152,7131,7682,22914,3030
0906,Arendal,2010,3490,3756,11555,1875,3683,3973,11640,1173,7173,7729,23195,3048
0906,Arendal,2011,3552,3831,11728,1872,3686,4096,11798,1178,7238,7927,23526,3050
0906,Arendal,2012,3601,3885,11915,1845,3726,4183,11966,1204,7327,8068,23881,3049
0906,Arendal,2013,3628,3959,12102,1823,3742,4189,12180,1223,7370,8148,24282,3046
0906,Arendal,2014,3643,4022,12266,1817,3805,4219,12361,1220,7448,8241,24627,3037
0911,Gjerstad,1999,220,272,603,150,216,295,650,104,436,567,1253,254
0911,Gjerstad,2000,220,250,605,148,210,289,650,102,430,539,1255,250
0911,Gjerstad,2001,228,239,611,140,221,282,649,100,449,521,1260,240
0911,Gjerstad,2002,221,232,619,141,228,273,655,97,449,505,1274,238
0911,Gjerstad,2003,227,217,639,142,232,272,665,94,459,489,1304,236
0911,Gjerstad,2004,237,213,654,143,238,258,684,93,475,471,1338,236
0911,Gjerstad,2005,226,210,648,138,235,249,678,92,461,459,1326,230
0911,Gjerstad,2006,217,216,656,134,240,234,695,93,457,450,1351,227
0911,Gjerstad,2007,208,220,661,134,227,246,697,96,435,466,1358,230
0911,Gjerstad,2008,214,215,666,130,234,230,712,92,448,445,1378,222
0911,Gjerstad,2009,212,214,668,127,231,217,726,86,443,431,1394,213
0911,Gjerstad,2010,202,213,674,120,227,215,721,83,429,428,1395,203
0911,Gjerstad,2011,193,215,677,115,216,228,734,88,409,443,1411,203
0911,Gjerstad,2012,182,219,689,110,217,214,741,84,399,433,1430,194
0911,Gjerstad,2013,178,228,691,107,215,219,740,86,393,447,1431,193
0911,Gjerstad,2014,174,221,703,109,211,210,743,91,385,431,1446,200
0912,Vegårshei,1999,191,153,454,106,181,174,462,85,372,327,916,191
0912,Vegårshei,2000,192,149,455,109,186,170,470,83,378,319,925,192
0912,Vegårshei,2001,196,152,450,114,179,179,470,83,375,331,920,197
0912,Vegårshei,2002,193,142,448,122,175,174,476,80,368,316,924,202
0912,Vegårshei,2003,192,156,447,124,173,168,486,77,365,324,933,201
0912,Vegårshei,2004,176,174,455,122,172,179,478,77,348,353,933,199
0912,Vegårshei,2005,175,180,456,119,178,172,477,75,353,352,933,194
0912,Vegårshei,2006,174,177,462,116,177,162,488,76,351,339,950,192
0912,Vegårshei,2007,170,179,468,110,181,158,493,78,351,337,961,188
0912,Vegårshei,2008,180,172,477,106,188,166,499,73,368,338,976,179
0912,Vegårshei,2009,177,160,484,105,191,170,500,74,368,330,984,179
0912,Vegårshei,2010,177,173,476,102,182,175,509,68,359,348,985,170
0912,Vegårshei,2011,185,165,494,102,189,177,504,74,374,342,998,176
0912,Vegårshei,2012,198,156,503,103,185,173,527,68,383,329,1030,171
0912,Vegårshei,2013,195,172,510,107,186,177,540,72,381,349,1050,179
0912,Vegårshei,2014,196,176,512,105,193,183,549,69,389,359,1061,174
0914,Tvedestrand,1999,571,550,1526,345,518,590,1558,190,1089,1140,3084,535
0914,Tvedestrand,2000,589,548,1550,351,521,580,1584,178,1110,1128,3134,529
0914,Tvedestrand,2001,569,546,1535,352,515,600,1578,173,1084,1146,3113,525
0914,Tvedestrand,2002,573,574,1555,346,515,566,1586,178,1088,1140,3141,524
0914,Tvedestrand,2003,572,560,1559,339,512,556,1579,184,1084,1116,3138,523
0914,Tvedestrand,2004,544,566,1576,336,498,537,1599,183,1042,1103,3175,519
0914,Tvedestrand,2005,537,549,1590,334,484,534,1609,193,1021,1083,3199,527
0914,Tvedestrand,2006,525,549,1588,334,471,509,1616,193,996,1058,3204,527
0914,Tvedestrand,2007,507,544,1583,337,453,518,1626,199,960,1062,3209,536
0914,Tvedestrand,2008,497,554,1607,334,458,499,1664,198,955,1053,3271,532
0914,Tvedestrand,2009,496,546,1642,328,458,530,1683,201,954,1076,3325,529
0914,Tvedestrand,2010,491,532,1656,320,466,510,1697,204,957,1042,3353,524
0914,Tvedestrand,2011,489,547,1659,319,489,501,1687,208,978,1048,3346,527
0914,Tvedestrand,2012,472,566,1676,315,499,513,1705,208,971,1079,3381,523
0914,Tvedestrand,2013,479,571,1680,325,495,492,1760,202,974,1063,3440,527
0914,Tvedestrand,2014,479,542,1692,322,508,492,1775,198,987,1034,3467,520
0919,Froland,1999,474,454,1072,194,529,481,1131,124,1003,935,2203,318
0919,Froland,2000,468,450,1079,192,503,483,1148,117,971,933,2227,309
0919,Froland,2001,458,437,1109,197,501,483,1179,121,959,920,2288,318
0919,Froland,2002,473,433,1145,198,503,479,1215,115,976,912,2360,313
0919,Froland,2003,497,440,1171,191,516,484,1249,107,1013,924,2420,298
0919,Froland,2004,492,450,1163,189,501,491,1252,103,993,941,2415,292
0919,Froland,2005,487,418,1183,177,498,492,1258,100,985,910,2441,277
0919,Froland,2006,491,441,1198,184,503,505,1279,101,994,946,2477,285
0919,Froland,2007,467,447,1215,179,515,488,1290,106,982,935,2505,285
0919,Froland,2008,458,454,1259,166,516,498,1326,108,974,952,2585,274
0919,Froland,2009,461,455,1271,168,500,516,1338,110,961,971,2609,278
0919,Froland,2010,482,481,1277,172,517,519,1379,109,999,1000,2656,281
0919,Froland,2011,498,481,1308,176,521,529,1423,112,1019,1010,2731,288
0919,Froland,2012,498,507,1348,173,541,532,1453,116,1039,1039,2801,289
0919,Froland,2013,527,510,1391,178,563,563,1499,120,1090,1073,2890,298
0919,Froland,2014,527,502,1423,179,581,560,1510,128,1108,1062,2933,307
0926,Lillesand,1999,779,893,2224,397,895,974,2281,201,1674,1867,4505,598
0926,Lillesand,2000,784,886,2262,397,887,956,2317,210,1671,1842,4579,607
0926,Lillesand,2001,793,877,2308,380,912,949,2345,222,1705,1826,4653,602
0926,Lillesand,2002,779,862,2348,377,906,965,2361,228,1685,1827,4709,605
0926,Lillesand,2003,776,866,2388,387,938,920,2369,236,1714,1786,4757,623
0926,Lillesand,2004,766,859,2412,381,927,908,2374,242,1693,1767,4786,623
0926,Lillesand,2005,783,842,2442,367,923,908,2432,246,1706,1750,4874,613
0926,Lillesand,2006,778,829,2476,369,905,880,2445,255,1683,1709,4921,624
0926,Lillesand,2007,796,815,2506,371,894,882,2483,256,1690,1697,4989,627
0926,Lillesand,2008,818,805,2564,366,904,882,2545,251,1722,1687,5109,617
0926,Lillesand,2009,825,816,2585,371,907,864,2605,247,1732,1680,5190,618
0926,Lillesand,2010,821,826,2634,359,920,884,2658,245,1741,1710,5292,604
0926,Lillesand,2011,853,865,2677,368,942,899,2719,248,1795,1764,5396,616
0926,Lillesand,2012,877,863,2753,353,957,906,2784,247,1834,1769,5537,600
0926,Lillesand,2013,904,866,2792,363,989,892,2837,268,1893,1758,5629,631
0926,Lillesand,2014,912,865,2807,377,995,919,2833,280,1907,1784,5640,657
0928,Birkenes,1999,436,403,1001,194,460,484,1032,134,896,887,2033,328
0928,Birkenes,2000,455,419,1025,185,472,482,1058,133,927,901,2083,318
0928,Birkenes,2001,453,402,1041,187,485,498,1088,134,938,900,2129,321
0928,Birkenes,2002,441,395,1053,186,480,472,1094,132,921,867,2147,318
0928,Birkenes,2003,449,406,1062,191,487,469,1108,126,936,875,2170,317
0928,Birkenes,2004,442,407,1075,182,488,464,1105,123,930,871,2180,305
0928,Birkenes,2005,430,411,1085,187,488,455,1115,122,918,866,2200,309
0928,Birkenes,2006,433,426,1092,177,482,456,1138,119,915,882,2230,296
0928,Birkenes,2007,425,422,1114,165,489,468,1152,116,914,890,2266,281
0928,Birkenes,2008,445,423,1121,163,487,486,1199,109,932,909,2320,272
0928,Birkenes,2009,461,441,1156,165,489,494,1234,108,950,935,2390,273
0928,Birkenes,2010,455,457,1180,168,479,494,1274,102,934,951,2454,270
0928,Birkenes,2011,465,494,1183,165,511,510,1283,103,976,1004,2466,268
0928,Birkenes,2012,470,482,1221,159,534,490,1300,104,1004,972,2521,263
0928,Birkenes,2013,481,475,1267,159,542,496,1339,116,1023,971,2606,275
0928,Birkenes,2014,480,483,1290,158,546,510,1353,108,1026,993,2643,266
0929,Åmli,1999,154,170,435,133,178,188,510,77,332,358,945,210
0929,Åmli,2000,147,165,440,128,173,190,516,77,320,355,956,205
0929,Åmli,2001,148,167,444,125,176,183,521,71,324,350,965,196
0929,Åmli,2002,162,150,470,112,171,189,509,71,333,339,979,183
0929,Åmli,2003,154,147,461,111,170,189,515,65,324,336,976,176
0929,Åmli,2004,150,153,461,114,169,216,520,64,319,369,981,178
0929,Åmli,2005,143,153,446,112,168,191,507,65,311,344,953,177
0929,Åmli,2006,136,151,452,109,161,176,521,64,297,327,973,173
0929,Åmli,2007,140,154,470,102,161,169,538,66,301,323,1008,168
0929,Åmli,2008,147,156,479,96,169,162,544,67,316,318,1023,163
0929,Åmli,2009,150,152,494,93,178,155,554,67,328,307,1048,160
0929,Åmli,2010,155,148,495,94,173,165,545,68,328,313,1040,162
0929,Åmli,2011,148,144,492,94,169,157,547,64,317,301,1039,158
0929,Åmli,2012,148,150,481,94,157,175,545,64,305,325,1026,158
0929,Åmli,2013,145,145,485,92,143,175,550,57,288,320,1035,149
0929,Åmli,2014,147,141,488,93,142,168,556,58,289,309,1044,151
0935,Iveland,1999,128,111,255,36,130,117,284,30,258,228,539,66
0935,Iveland,2000,136,110,261,40,128,124,287,29,264,234,548,69
0935,Iveland,2001,135,110,266,44,118,134,284,31,253,244,550,75
0935,Iveland,2002,120,115,265,40,118,136,275,32,238,251,540,72
0935,Iveland,2003,122,117,268,45,117,134,287,31,239,251,555,76
0935,Iveland,2004,130,112,273,46,122,134,290,36,252,246,563,82
0935,Iveland,2005,125,112,284,45,122,130,299,35,247,242,583,80
0935,Iveland,2006,111,112,296,46,123,127,311,30,234,239,607,76
0935,Iveland,2007,104,116,305,45,131,128,315,35,235,244,620,80
0935,Iveland,2008,107,122,309,45,128,132,323,30,235,254,632,75
0935,Iveland,2009,104,133,303,49,122,140,328,28,226,273,631,77
0935,Iveland,2010,114,140,308,48,126,140,341,24,240,280,649,72
0935,Iveland,2011,112,152,317,50,127,142,357,27,239,294,674,77
0935,Iveland,2012,113,149,314,51,130,133,360,24,243,282,674,75
0935,Iveland,2013,106,151,312,50,122,137,354,27,228,288,666,77
0935,Iveland,2014,112,153,326,47,131,137,366,25,243,290,692,72
0937,Evje og Hornnes,1999,292,349,846,174,302,375,854,122,594,724,1700,296
0937,Evje og Hornnes,2000,289,349,843,179,306,370,853,121,595,719,1696,300
0937,Evje og Hornnes,2001,287,337,856,183,308,378,860,112,595,715,1716,295
0937,Evje og Hornnes,2002,286,333,868,175,314,359,858,107,600,692,1726,282
0937,Evje og Hornnes,2003,287,322,872,174,319,342,872,107,606,664,1744,281
0937,Evje og Hornnes,2004,290,321,863,177,310,341,877,104,600,662,1740,281
0937,Evje og Hornnes,2005,283,309,866,178,306,333,890,101,589,642,1756,279
0937,Evje og Hornnes,2006,288,323,865,176,313,326,883,104,601,649,1748,280
0937,Evje og Hornnes,2007,292,303,872,175,317,316,896,105,609,619,1768,280
0937,Evje og Hornnes,2008,300,301,878,169,312,318,906,102,612,619,1784,271
0937,Evje og Hornnes,2009,310,305,896,173,323,317,925,109,633,622,1821,282
0937,Evje og Hornnes,2010,307,303,899,175,325,307,943,108,632,610,1842,283
0937,Evje og Hornnes,2011,309,316,918,172,330,328,943,109,639,644,1861,281
0937,Evje og Hornnes,2012,299,323,931,176,338,324,960,107,637,647,1891,283
0937,Evje og Hornnes,2013,301,332,939,180,350,329,977,105,651,661,1916,285
0937,Evje og Hornnes,2014,297,314,940,176,344,333,994,106,641,647,1934,282
0938,Bygland,1999,107,113,328,98,112,146,345,54,219,259,673,152
0938,Bygland,2000,116,118,335,97,124,142,355,50,240,260,690,147
0938,Bygland,2001,115,117,335,98,122,136,360,46,237,253,695,144
0938,Bygland,2002,104,115,335,90,121,135,348,48,225,250,683,138
0938,Bygland,2003,108,113,327,80,124,135,356,50,232,248,683,130
0938,Bygland,2004,115,105,336,77,122,145,358,48,237,250,694,125
0938,Bygland,2005,115,104,350,70,124,135,359,48,239,239,709,118
0938,Bygland,2006,115,101,348,67,117,127,365,42,232,228,713,109
0938,Bygland,2007,110,94,346,66,102,130,370,39,212,224,716,105
0938,Bygland,2008,108,82,352,63,103,117,367,43,211,199,719,106
0938,Bygland,2009,105,79,346,64,102,109,367,44,207,188,713,108
0938,Bygland,2010,103,79,351,66,99,109,362,45,202,188,713,111
0938,Bygland,2011,96,86,357,67,101,100,381,43,197,186,738,110
0938,Bygland,2012,95,86,349,62,101,92,386,41,196,178,735,103
0938,Bygland,2013,93,91,346,58,93,94,379,41,186,185,725,99
0938,Bygland,2014,87,98,339,57,88,101,379,42,175,199,718,99
0940,Valle,1999,104,147,341,103,132,144,381,53,236,291,722,156
0940,Valle,2000,112,143,336,104,142,140,383,56,254,283,719,160
0940,Valle,2001,118,143,338,105,150,134,386,59,268,277,724,164
0940,Valle,2002,116,136,339,104,142,142,384,60,258,278,723,164
0940,Valle,2003,119,127,337,100,141,139,382,61,260,266,719,161
0940,Valle,2004,118,114,337,94,139,145,386,55,257,259,723,149
0940,Valle,2005,116,104,341,90,137,140,382,54,253,244,723,144
0940,Valle,2006,119,101,335,90,127,130,380,55,246,231,715,145
0940,Valle,2007,111,103,334,89,127,119,375,53,238,222,709,142
0940,Valle,2008,114,105,327,89,120,116,383,55,234,221,710,144
0940,Valle,2009,109,102,330,85,113,115,375,55,222,217,705,140
0940,Valle,2010,105,106,337,80,107,117,378,46,212,223,715,126
0940,Valle,2011,102,103,345,75,113,118,376,39,215,221,721,114
0940,Valle,2012,99,104,345,74,111,131,379,41,210,235,724,115
0940,Valle,2013,91,105,347,70,103,131,376,45,194,236,723,115
0940,Valle,2014,88,112,350,64,107,120,371,49,195,232,721,113
0941,Bykle,1999,88,97,207,40,83,96,211,23,171,193,418,63
0941,Bykle,2000,92,96,209,38,87,95,216,22,179,191,425,60
0941,Bykle,2001,90,113,209,37,86,93,222,21,176,206,431,58
0941,Bykle,2002,86,101,205,33,84,91,228,17,170,192,433,50
0941,Bykle,2003,83,90,211,36,87,88,228,18,170,178,439,54
0941,Bykle,2004,85,95,222,31,93,89,233,19,178,184,455,50
0941,Bykle,2005,78,93,221,30,83,88,240,16,161,181,461,46
0941,Bykle,2006,72,93,227,30,80,93,248,17,152,186,475,47
0941,Bykle,2007,80,89,239,26,89,88,264,19,169,177,503,45
0941,Bykle,2008,74,95,244,29,90,99,263,19,164,194,507,48
0941,Bykle,2009,74,102,261,26,98,98,276,19,172,200,537,45
0941,Bykle,2010,84,101,261,24,99,97,278,18,183,198,539,42
0941,Bykle,2011,82,105,267,23,91,109,286,17,173,214,553,40
0941,Bykle,2012,79,100,258,25,91,105,284,18,170,205,542,43
0941,Bykle,2013,71,93,250,22,86,98,277,18,157,191,527,40
0941,Bykle,2014,69,103,255,24,85,98,286,19,154,201,541,43
1001,Kristiansand,1999,6875,7276,18755,3252,7201,7512,17968,1773,14076,14788,36723,5025
1001,Kristiansand,2000,6930,7352,19001,3276,7256,7564,18252,1794,14186,14916,37253,5070
1001,Kristiansand,2001,7024,7321,19181,3311,7346,7564,18544,1820,14370,14885,37725,5131
1001,Kristiansand,2002,7140,7306,19441,3389,7436,7526,18887,1870,14576,14832,38328,5259
1001,Kristiansand,2003,7165,7261,19750,3397,7461,7632,19100,1880,14626,14893,38850,5277
1001,Kristiansand,2004,7197,7354,19938,3413,7467,7710,19382,1937,14664,15064,39320,5350
1001,Kristiansand,2005,7155,7482,20185,3372,7412,7857,19675,1978,14567,15339,39860,5350
1001,Kristiansand,2006,7135,7623,20390,3402,7429,8036,19958,1989,14564,15659,40348,5391
1001,Kristiansand,2007,7099,7765,20710,3407,7450,8102,20200,2055,14549,15867,40910,5462
1001,Kristiansand,2008,7163,7986,20908,3440,7400,8406,20542,2084,14563,16392,41450,5524
1001,Kristiansand,2009,7188,8085,21163,3446,7391,8669,20960,2111,14579,16754,42123,5557
1001,Kristiansand,2010,7216,8259,21467,3467,7492,8846,21265,2159,14708,17105,42732,5626
1001,Kristiansand,2011,7240,8463,21778,3461,7534,9038,21663,2147,14774,17501,43441,5608
1001,Kristiansand,2012,7193,8749,21981,3427,7486,9189,21967,2162,14679,17938,43948,5589
1001,Kristiansand,2013,7236,8886,22358,3381,7614,9318,22436,2189,14850,18204,44794,5570
1001,Kristiansand,2014,7407,9031,22746,3382,7777,9509,22853,2188,15184,18540,45599,5570
1002,Mandal,1999,1257,1349,3370,701,1289,1399,3320,418,2546,2748,6690,1119
1002,Mandal,2000,1298,1308,3373,707,1282,1390,3353,420,2580,2698,6726,1127
1002,Mandal,2001,1320,1272,3385,725,1293,1359,3398,419,2613,2631,6783,1144
1002,Mandal,2002,1327,1253,3429,713,1315,1368,3438,423,2642,2621,6867,1136
1002,Mandal,2003,1324,1272,3498,719,1360,1394,3509,413,2684,2666,7007,1132
1002,Mandal,2004,1297,1332,3544,727,1380,1392,3568,412,2677,2724,7112,1139
1002,Mandal,2005,1294,1355,3606,732,1414,1392,3642,418,2708,2747,7248,1150
1002,Mandal,2006,1255,1367,3634,731,1394,1400,3679,421,2649,2767,7313,1152
1002,Mandal,2007,1250,1401,3689,724,1408,1389,3747,413,2658,2790,7436,1137
1002,Mandal,2008,1286,1403,3746,722,1413,1423,3779,421,2699,2826,7525,1143
1002,Mandal,2009,1308,1417,3813,717,1426,1383,3855,434,2734,2800,7668,1151
1002,Mandal,2010,1311,1436,3872,703,1440,1424,3901,419,2751,2860,7773,1122
1002,Mandal,2011,1350,1427,3986,680,1479,1415,4017,419,2829,2842,8003,1099
1002,Mandal,2012,1370,1453,4049,676,1483,1435,4073,421,2853,2888,8122,1097
1002,Mandal,2013,1384,1440,4130,675,1456,1451,4111,433,2840,2891,8241,1108
1002,Mandal,2014,1368,1444,4155,686,1452,1461,4175,430,2820,2905,8330,1116
1003,Farsund,1999,878,971,2304,513,903,1055,2396,301,1781,2026,4700,814
1003,Farsund,2000,924,982,2335,523,924,1069,2461,290,1848,2051,4796,813
1003,Farsund,2001,933,938,2338,516,920,1038,2509,286,1853,1976,4847,802
1003,Farsund,2002,940,874,2362,494,925,995,2512,290,1865,1869,4874,784
1003,Farsund,2003,953,877,2385,497,945,952,2564,288,1898,1829,4949,785
1003,Farsund,2004,927,884,2364,511,937,926,2559,281,1864,1810,4923,792
1003,Farsund,2005,935,848,2391,511,941,923,2573,278,1876,1771,4964,789
1003,Farsund,2006,899,839,2426,483,926,909,2588,264,1825,1748,5014,747
1003,Farsund,2007,895,805,2452,484,897,882,2585,282,1792,1687,5037,766
1003,Farsund,2008,905,801,2466,470,884,870,2591,300,1789,1671,5057,770
1003,Farsund,2009,904,822,2477,466,898,851,2602,298,1802,1673,5079,764
1003,Farsund,2010,903,800,2516,452,879,841,2621,295,1782,1641,5137,747
1003,Farsund,2011,887,796,2531,451,878,843,2624,311,1765,1639,5155,762
1003,Farsund,2012,859,812,2553,448,872,835,2635,321,1731,1647,5188,769
1003,Farsund,2013,840,826,2539,435,862,871,2643,324,1702,1697,5182,759
1003,Farsund,2014,823,856,2562,434,850,911,2660,329,1673,1767,5222,763
1004,Flekkefjord,1999,754,804,2212,570,884,918,2267,330,1638,1722,4479,900
1004,Flekkefjord,2000,742,816,2235,564,888,898,2289,319,1630,1714,4524,883
1004,Flekkefjord,2001,750,805,2241,580,889,885,2307,323,1639,1690,4548,903
1004,Flekkefjord,2002,756,764,2251,585,865,887,2315,319,1621,1651,4566,904
1004,Flekkefjord,2003,744,780,2276,565,872,888,2339,312,1616,1668,4615,877
1004,Flekkefjord,2004,762,770,2287,569,865,879,2379,305,1627,1649,4666,874
1004,Flekkefjord,2005,770,741,2302,555,856,862,2386,310,1626,1603,4688,865
1004,Flekkefjord,2006,751,743,2306,546,826,868,2407,303,1577,1611,4713,849
1004,Flekkefjord,2007,758,728,2306,547,805,891,2416,307,1563,1619,4722,854
1004,Flekkefjord,2008,757,739,2328,544,812,894,2424,310,1569,1633,4752,854
1004,Flekkefjord,2009,747,760,2335,536,815,912,2427,325,1562,1672,4762,861
1004,Flekkefjord,2010,748,762,2351,530,815,924,2444,326,1563,1686,4795,856
1004,Flekkefjord,2011,743,761,2363,514,819,905,2457,336,1562,1666,4820,850
1004,Flekkefjord,2012,749,756,2379,503,798,920,2518,342,1547,1676,4897,845
1004,Flekkefjord,2013,718,769,2392,499,808,935,2485,339,1526,1704,4877,838
1004,Flekkefjord,2014,746,744,2396,476,794,912,2501,345,1540,1656,4897,821
1014,Vennesla,1999,1322,1212,2939,451,1298,1299,2996,275,2620,2511,5935,726
1014,Vennesla,2000,1351,1214,2977,459,1333,1277,3058,291,2684,2491,6035,750
1014,Vennesla,2001,1373,1205,3026,465,1337,1267,3088,296,2710,2472,6114,761
1014,Vennesla,2002,1375,1188,3082,478,1335,1237,3114,289,2710,2425,6196,767
1014,Vennesla,2003,1358,1196,3111,496,1344,1205,3165,316,2702,2401,6276,812
1014,Vennesla,2004,1311,1201,3124,517,1327,1212,3200,328,2638,2413,6324,845
1014,Vennesla,2005,1278,1221,3176,522,1305,1230,3227,324,2583,2451,6403,846
1014,Vennesla,2006,1272,1229,3216,528,1293,1270,3227,315,2565,2499,6443,843
1014,Vennesla,2007,1254,1255,3229,551,1250,1279,3240,334,2504,2534,6469,885
1014,Vennesla,2008,1267,1267,3259,567,1254,1329,3317,350,2521,2596,6576,917
1014,Vennesla,2009,1266,1288,3291,557,1247,1366,3353,356,2513,2654,6644,913
1014,Vennesla,2010,1255,1332,3325,562,1258,1402,3426,353,2513,2734,6751,915
1014,Vennesla,2011,1264,1380,3376,563,1284,1429,3517,328,2548,2809,6893,891
1014,Vennesla,2012,1288,1416,3444,552,1313,1455,3592,327,2601,2871,7036,879
1014,Vennesla,2013,1262,1414,3512,544,1338,1468,3684,323,2600,2882,7196,867
1014,Vennesla,2014,1271,1447,3590,532,1348,1514,3743,349,2619,2961,7333,881
1017,Songdalen,1999,598,516,1306,174,661,587,1317,106,1259,1103,2623,280
1017,Songdalen,2000,605,514,1343,170,675,596,1367,113,1280,1110,2710,283
1017,Songdalen,2001,610,516,1362,175,665,598,1407,122,1275,1114,2769,297
1017,Songdalen,2002,602,507,1351,171,664,582,1426,120,1266,1089,2777,291
1017,Songdalen,2003,622,498,1373,171,636,588,1446,116,1258,1086,2819,287
1017,Songdalen,2004,604,492,1386,172,620,590,1442,113,1224,1082,2828,285
1017,Songdalen,2005,598,514,1395,172,630,614,1462,105,1228,1128,2857,277
1017,Songdalen,2006,591,539,1424,172,634,617,1498,97,1225,1156,2922,269
1017,Songdalen,2007,573,541,1434,184,614,617,1509,101,1187,1158,2943,285
1017,Songdalen,2008,586,537,1463,188,605,638,1530,115,1191,1175,2993,303
1017,Songdalen,2009,586,570,1491,189,586,650,1552,120,1172,1220,3043,309
1017,Songdalen,2010,579,612,1505,196,602,643,1584,115,1181,1255,3089,311
1017,Songdalen,2011,597,605,1514,197,606,660,1613,122,1203,1265,3127,319
1017,Songdalen,2012,604,636,1573,190,611,680,1651,129,1215,1316,3224,319
1017,Songdalen,2013,618,647,1615,197,612,693,1690,130,1230,1340,3305,327
1017,Songdalen,2014,644,604,1646,192,603,680,1704,142,1247,1284,3350,334
1018,Søgne,1999,892,952,2147,276,989,968,2171,180,1881,1920,4318,456
1018,Søgne,2000,926,959,2206,279,1022,945,2262,179,1948,1904,4468,458
1018,Søgne,2001,975,914,2276,282,1063,953,2324,181,2038,1867,4600,463
1018,Søgne,2002,1006,903,2333,283,1063,944,2383,190,2069,1847,4716,473
1018,Søgne,2003,992,902,2380,280,1092,949,2444,207,2084,1851,4824,487
1018,Søgne,2004,995,894,2419,287,1091,956,2473,207,2086,1850,4892,494
1018,Søgne,2005,1004,862,2486,292,1091,934,2530,210,2095,1796,5016,502
1018,Søgne,2006,1004,902,2518,300,1092,924,2552,219,2096,1826,5070,519
1018,Søgne,2007,996,911,2551,302,1080,936,2606,221,2076,1847,5157,523
1018,Søgne,2008,1036,963,2617,306,1084,997,2691,218,2120,1960,5308,524
1018,Søgne,2009,1095,1009,2714,315,1097,1062,2758,224,2192,2071,5472,539
1018,Søgne,2010,1081,1025,2742,334,1092,1069,2804,221,2173,2094,5546,555
1018,Søgne,2011,1104,1051,2790,342,1113,1058,2873,237,2217,2109,5663,579
1018,Søgne,2012,1091,1057,2873,357,1095,1086,2930,242,2186,2143,5803,599
1018,Søgne,2013,1095,1036,2917,356,1061,1119,2983,246,2156,2155,5900,602
1018,Søgne,2014,1051,1052,2934,371,1085,1110,3021,252,2136,2162,5955,623
1021,Marnardal,1999,231,199,514,114,238,241,558,79,469,440,1072,193
1021,Marnardal,2000,227,196,519,120,235,242,551,81,462,438,1070,201
1021,Marnardal,2001,229,199,522,118,226,243,552,81,455,442,1074,199
1021,Marnardal,2002,218,201,519,118,235,230,548,86,453,431,1067,204
1021,Marnardal,2003,233,185,528,123,243,229,557,85,476,414,1085,208
1021,Marnardal,2004,234,193,532,122,238,220,567,82,472,413,1099,204
1021,Marnardal,2005,238,173,526,127,223,210,565,81,461,383,1091,208
1021,Marnardal,2006,237,171,530,125,217,213,575,78,454,384,1105,203
1021,Marnardal,2007,223,175,536,120,204,211,577,77,427,386,1113,197
1021,Marnardal,2008,224,184,542,115,210,207,591,75,434,391,1133,190
1021,Marnardal,2009,227,197,558,104,215,224,592,77,442,421,1150,181
1021,Marnardal,2010,220,195,560,106,215,240,591,78,435,435,1151,184
1021,Marnardal,2011,225,203,558,104,206,230,601,76,431,433,1159,180
1021,Marnardal,2012,218,218,564,105,212,247,616,74,430,465,1180,179
1021,Marnardal,2013,221,230,560,99,221,238,630,69,442,468,1190,168
1021,Marnardal,2014,216,223,574,98,220,230,641,66,436,453,1215,164
1026,Åseral,1999,92,73,207,65,90,74,220,50,182,147,427,115
1026,Åseral,2000,94,71,203,65,94,71,219,46,188,142,422,111
1026,Åseral,2001,95,71,204,58,98,66,222,44,193,137,426,102
1026,Åseral,2002,100,75,207,59,101,67,232,38,201,142,439,97
1026,Åseral,2003,101,74,210,58,118,69,231,38,219,143,441,96
1026,Åseral,2004,102,62,212,63,111,75,234,40,213,137,446,103
1026,Åseral,2005,102,71,214,58,102,74,232,40,204,145,446,98
1026,Åseral,2006,103,67,214,57,105,71,229,40,208,138,443,97
1026,Åseral,2007,102,62,217,54,104,73,230,41,206,135,447,95
1026,Åseral,2008,104,66,217,55,100,80,236,41,204,146,453,96
1026,Åseral,2009,104,67,220,48,100,86,239,40,204,153,459,88
1026,Åseral,2010,98,74,221,49,93,93,245,34,191,167,466,83
1026,Åseral,2011,94,77,224,49,95,87,248,28,189,164,472,77
1026,Åseral,2012,93,69,228,49,90,94,249,28,183,163,477,77
1026,Åseral,2013,89,83,224,49,92,91,248,27,181,174,472,76
1026,Åseral,2014,82,92,228,46,94,97,253,24,176,189,481,70
1027,Audnedal,1999,170,145,337,97,149,178,373,53,319,323,710,150
1027,Audnedal,2000,175,145,339,98,148,170,376,52,323,315,715,150
1027,Audnedal,2001,182,157,345,101,155,164,396,53,337,321,741,154
1027,Audnedal,2002,177,151,347,101,153,160,393,51,330,311,740,152
1027,Audnedal,2003,177,153,352,95,159,159,400,48,336,312,752,143
1027,Audnedal,2004,176,156,356,94,159,157,405,50,335,313,761,144
1027,Audnedal,2005,179,147,363,90,154,157,409,50,333,304,772,140
1027,Audnedal,2006,176,138,366,87,154,161,407,53,330,299,773,140
1027,Audnedal,2007,178,146,375,86,159,168,415,49,337,314,790,135
1027,Audnedal,2008,185,149,385,81,158,175,408,52,343,324,793,133
1027,Audnedal,2009,177,157,391,83,155,171,419,54,332,328,810,137
1027,Audnedal,2010,188,157,401,76,168,164,433,55,356,321,834,131
1027,Audnedal,2011,188,165,402,76,165,162,432,53,353,327,834,129
1027,Audnedal,2012,179,160,414,78,164,171,449,50,343,331,863,128
1027,Audnedal,2013,186,168,419,78,173,165,464,51,359,333,883,129
1027,Audnedal,2014,184,180,417,79,170,167,470,48,354,347,887,127
1029,Lindesnes,1999,427,440,1028,251,463,478,1060,157,890,918,2088,408
1029,Lindesnes,2000,440,415,1057,248,480,473,1075,153,920,888,2132,401
1029,Lindesnes,2001,441,410,1084,248,471,469,1103,155,912,879,2187,403
1029,Lindesnes,2002,429,392,1092,247,470,458,1120,157,899,850,2212,404
1029,Lindesnes,2003,434,397,1103,255,454,475,1132,159,888,872,2235,414
1029,Lindesnes,2004,422,419,1108,259,457,469,1137,158,879,888,2245,417
1029,Lindesnes,2005,438,413,1111,252,436,478,1152,152,874,891,2263,404
1029,Lindesnes,2006,441,413,1116,250,424,472,1181,147,865,885,2297,397
1029,Lindesnes,2007,434,404,1133,251,413,472,1209,148,847,876,2342,399
1029,Lindesnes,2008,428,412,1155,236,417,455,1250,138,845,867,2405,374
1029,Lindesnes,2009,434,425,1168,239,438,457,1257,139,872,882,2425,378
1029,Lindesnes,2010,453,421,1182,225,433,474,1277,137,886,895,2459,362
1029,Lindesnes,2011,445,433,1216,216,434,477,1302,137,879,910,2518,353
1029,Lindesnes,2012,441,427,1236,214,435,476,1328,131,876,903,2564,345
1029,Lindesnes,2013,440,436,1258,213,447,457,1347,130,887,893,2605,343
1029,Lindesnes,2014,438,457,1272,210,461,455,1368,137,899,912,2640,347
1032,Lyngdal,1999,697,806,1645,305,758,864,1654,203,1455,1670,3299,508
1032,Lyngdal,2000,719,780,1673,319,756,858,1659,199,1475,1638,3332,518
1032,Lyngdal,2001,731,760,1705,325,756,839,1701,199,1487,1599,3406,524
1032,Lyngdal,2002,743,766,1737,325,785,819,1716,194,1528,1585,3453,519
1032,Lyngdal,2003,739,738,1764,324,772,796,1735,198,1511,1534,3499,522
1032,Lyngdal,2004,734,747,1784,322,756,794,1785,189,1490,1541,3569,511
1032,Lyngdal,2005,753,737,1802,323,760,783,1795,189,1513,1520,3597,512
1032,Lyngdal,2006,752,726,1831,323,778,758,1840,188,1530,1484,3671,511
1032,Lyngdal,2007,766,731,1840,323,777,754,1875,197,1543,1485,3715,520
1032,Lyngdal,2008,778,760,1880,324,797,775,1913,190,1575,1535,3793,514
1032,Lyngdal,2009,814,744,1923,312,801,783,1958,193,1615,1527,3881,505
1032,Lyngdal,2010,815,737,1979,303,813,794,1999,194,1628,1531,3978,497
1032,Lyngdal,2011,827,734,2010,293,811,804,2014,209,1638,1538,4024,502
1032,Lyngdal,2012,835,755,2045,296,822,796,2051,209,1657,1551,4096,505
1032,Lyngdal,2013,841,780,2070,289,815,807,2103,205,1656,1587,4173,494
1032,Lyngdal,2014,844,778,2099,290,825,813,2129,210,1669,1591,4228,500
1034,Hægebostad,1999,139,162,354,87,169,188,394,64,308,350,748,151
1034,Hægebostad,2000,148,175,361,85,172,191,413,58,320,366,774,143
1034,Hægebostad,2001,156,161,374,81,181,187,425,53,337,348,799,134
1034,Hægebostad,2002,151,168,369,74,162,187,418,52,313,355,787,126
1034,Hægebostad,2003,163,167,381,73,168,184,418,48,331,351,799,121
1034,Hægebostad,2004,165,159,380,69,169,179,423,45,334,338,803,114
1034,Hægebostad,2005,163,145,392,68,170,167,422,43,333,312,814,111
1034,Hægebostad,2006,160,137,387,68,174,165,432,38,334,302,819,106
1034,Hægebostad,2007,159,146,388,66,174,154,444,43,333,300,832,109
1034,Hægebostad,2008,165,142,389,64,177,150,443,46,342,292,832,110
1034,Hægebostad,2009,167,141,397,62,168,156,467,47,335,297,864,109
1034,Hægebostad,2010,160,139,405,55,161,167,476,45,321,306,881,100
1034,Hægebostad,2011,156,143,405,59,164,165,481,48,320,308,886,107
1034,Hægebostad,2012,156,151,411,55,160,171,486,50,316,322,897,105
1034,Hægebostad,2013,156,154,412,64,155,166,486,50,311,320,898,114
1034,Hægebostad,2014,152,162,412,68,157,171,488,54,309,333,900,122
1037,Kvinesdal,1999,528,525,1373,303,575,603,1412,183,1103,1128,2785,486
1037,Kvinesdal,2000,528,498,1374,311,580,583,1429,180,1108,1081,2803,491
1037,Kvinesdal,2001,523,508,1363,314,583,580,1428,178,1106,1088,2791,492
1037,Kvinesdal,2002,514,491,1392,311,587,558,1435,173,1101,1049,2827,484
1037,Kvinesdal,2003,516,511,1400,310,588,557,1454,169,1104,1068,2854,479
1037,Kvinesdal,2004,520,510,1400,306,582,546,1466,167,1102,1056,2866,473
1037,Kvinesdal,2005,519,495,1421,303,556,553,1492,164,1075,1048,2913,467
1037,Kvinesdal,2006,518,496,1424,304,549,555,1500,159,1067,1051,2924,463
1037,Kvinesdal,2007,510,500,1438,299,552,549,1525,160,1062,1049,2963,459
1037,Kvinesdal,2008,510,507,1441,305,541,556,1535,165,1051,1063,2976,470
1037,Kvinesdal,2009,514,494,1483,298,544,571,1551,161,1058,1065,3034,459
1037,Kvinesdal,2010,512,523,1503,299,535,586,1575,168,1047,1109,3078,467
1037,Kvinesdal,2011,518,528,1506,300,525,604,1587,169,1043,1132,3093,469
1037,Kvinesdal,2012,528,515,1523,294,527,601,1610,176,1055,1116,3133,470
1037,Kvinesdal,2013,541,518,1530,282,522,616,1628,172,1063,1134,3158,454
1037,Kvinesdal,2014,534,522,1530,285,550,626,1610,172,1084,1148,3140,457
1046,Sirdal,1999,156,174,388,132,177,182,430,77,333,356,818,209
1046,Sirdal,2000,156,176,391,128,177,172,429,81,333,348,820,209
1046,Sirdal,2001,159,175,390,132,178,169,430,82,337,344,820,214
1046,Sirdal,2002,159,182,390,130,179,165,447,79,338,347,837,209
1046,Sirdal,2003,171,182,404,131,183,166,451,76,354,348,855,207
1046,Sirdal,2004,176,164,404,137,170,169,456,74,346,333,860,211
1046,Sirdal,2005,168,164,402,134,157,180,460,66,325,344,862,200
1046,Sirdal,2006,163,169,404,133,156,177,458,61,319,346,862,194
1046,Sirdal,2007,161,170,415,121,154,174,465,60,315,344,880,181
1046,Sirdal,2008,170,170,419,119,157,178,472,58,327,348,891,177
1046,Sirdal,2009,167,154,428,110,149,178,478,53,316,332,906,163
1046,Sirdal,2010,177,156,443,110,148,185,493,53,325,341,936,163
1046,Sirdal,2011,168,152,452,107,154,182,490,55,322,334,942,162
1046,Sirdal,2012,163,161,460,101,166,179,505,58,329,340,965,159
1046,Sirdal,2013,164,160,467,95,164,181,513,59,328,341,980,154
1046,Sirdal,2014,167,156,463,95,172,184,508,63,339,340,971,158
1101,Eigersund,1999,1313,1373,3173,576,1477,1398,3289,335,2790,2771,6462,911
1101,Eigersund,2000,1314,1391,3259,569,1483,1410,3338,335,2797,2801,6597,904
1101,Eigersund,2001,1322,1344,3292,580,1472,1370,3375,334,2794,2714,6667,914
1101,Eigersund,2002,1335,1335,3308,598,1500,1332,3397,348,2835,2667,6705,946
1101,Eigersund,2003,1354,1319,3336,589,1464,1326,3457,341,2818,2645,6793,930
1101,Eigersund,2004,1347,1290,3389,589,1442,1348,3490,337,2789,2638,6879,926
1101,Eigersund,2005,1350,1263,3420,599,1414,1340,3510,359,2764,2603,6930,958
1101,Eigersund,2006,1312,1260,3442,598,1384,1361,3541,362,2696,2621,6983,960
1101,Eigersund,2007,1318,1264,3506,594,1377,1399,3603,359,2695,2663,7109,953
1101,Eigersund,2008,1312,1285,3544,601,1361,1438,3700,370,2673,2723,7244,971
1101,Eigersund,2009,1324,1290,3596,607,1352,1471,3773,385,2676,2761,7369,992
1101,Eigersund,2010,1318,1317,3641,604,1340,1490,3870,386,2658,2807,7511,990
1101,Eigersund,2011,1339,1348,3676,602,1361,1508,3934,392,2700,2856,7610,994
1101,Eigersund,2012,1329,1349,3744,603,1384,1530,3992,381,2713,2879,7736,984
1101,Eigersund,2013,1315,1379,3781,610,1378,1556,4044,378,2693,2935,7825,988
1101,Eigersund,2014,1311,1421,3848,605,1408,1552,4134,381,2719,2973,7982,986
1102,Sandnes,1999,5600,5441,12832,1778,5862,5586,13096,1019,11462,11027,25928,2797
1102,Sandnes,2000,5662,5481,13130,1821,6011,5612,13406,1046,11673,11093,26536,2867
1102,Sandnes,2001,5740,5575,13395,1859,6105,5598,13663,1096,11845,11173,27058,2955
1102,Sandnes,2002,5830,5648,13750,1880,6183,5726,13953,1127,12013,11374,27703,3007
1102,Sandnes,2003,5873,5725,14027,1892,6228,5789,14276,1126,12101,11514,28303,3018
1102,Sandnes,2004,5925,5747,14341,1910,6230,5933,14605,1137,12155,11680,28946,3047
1102,Sandnes,2005,6048,5801,14611,1934,6310,5984,14913,1156,12358,11785,29524,3090
1102,Sandnes,2006,6129,5918,15044,1939,6357,6200,15258,1201,12486,12118,30302,3140
1102,Sandnes,2007,6249,6183,15360,1946,6363,6500,15711,1240,12612,12683,31071,3186
1102,Sandnes,2008,6358,6302,15671,2005,6448,6738,16309,1271,12806,13040,31980,3276
1102,Sandnes,2009,6378,6415,16000,2011,6479,6985,16866,1277,12857,13400,32866,3288
1102,Sandnes,2010,6431,6576,16332,2032,6642,7081,17338,1271,13073,13657,33670,3303
1102,Sandnes,2011,6541,6765,16757,2064,6793,7158,17817,1297,13334,13923,34574,3361
1102,Sandnes,2012,6646,6911,17152,2072,6996,7379,18289,1317,13642,14290,35441,3389
1102,Sandnes,2013,6820,7214,17703,2069,7102,7639,19091,1323,13922,14853,36794,3392
1102,Sandnes,2014,6953,7463,18229,2052,7285,7765,19706,1373,14238,15228,37935,3425
1103,Stavanger,1999,10261,11562,27426,4882,10788,11472,27452,2532,21049,23034,54878,7414
1103,Stavanger,2000,10344,11400,27879,4862,10827,11371,27877,2573,21171,22771,55756,7435
1103,Stavanger,2001,10303,11218,28128,4855,10897,11252,28013,2597,21200,22470,56141,7452
1103,Stavanger,2002,10432,11176,28439,4892,10926,11298,28365,2633,21358,22474,56804,7525
1103,Stavanger,2003,10514,11270,28961,4790,10970,11484,28817,2638,21484,22754,57778,7428
1103,Stavanger,2004,10534,11426,29420,4778,11016,11599,29378,2629,21550,23025,58798,7407
1103,Stavanger,2005,10619,11655,29826,4796,11093,11730,29962,2644,21712,23385,59788,7440
1103,Stavanger,2006,10686,11715,30161,4855,10980,11962,30511,2641,21666,23677,60672,7496
1103,Stavanger,2007,10679,11976,30584,4828,11076,12311,31393,2646,21755,24287,61977,7474
1103,Stavanger,2008,10737,12317,31011,4775,11200,12743,32393,2651,21937,25060,63404,7426
1103,Stavanger,2009,10879,12531,31561,4711,11224,13114,33194,2646,22103,25645,64755,7357
1103,Stavanger,2010,10998,12839,32305,4682,11334,13332,33873,2654,22332,26171,66178,7336
1103,Stavanger,2011,11078,13153,32898,4618,11397,13651,34682,2655,22475,26804,67580,7273
1103,Stavanger,2012,11103,13414,33338,4567,11443,13831,35298,2673,22546,27245,68636,7240
1103,Stavanger,2013,11135,13577,33935,4499,11506,14092,36041,2670,22641,27669,69976,7169
1103,Stavanger,2014,11144,13842,34397,4489,11561,14388,36468,2700,22705,28230,70865,7189
1106,Haugesund,1999,2638,3080,7560,1820,2770,3251,7497,878,5408,6331,15057,2698
1106,Haugesund,2000,2686,3084,7742,1835,2849,3204,7635,880,5535,6288,15377,2715
1106,Haugesund,2001,2740,3077,7782,1824,2873,3232,7751,887,5613,6309,15533,2711
1106,Haugesund,2002,2737,3039,7876,1797,2929,3213,7850,862,5666,6252,15726,2659
1106,Haugesund,2003,2755,3091,7947,1808,2958,3229,7972,862,5713,6320,15919,2670
1106,Haugesund,2004,2779,3029,8060,1814,3007,3246,8132,875,5786,6275,16192,2689
1106,Haugesund,2005,2784,3056,8138,1804,3016,3199,8226,885,5800,6255,16364,2689
1106,Haugesund,2006,2774,3088,8226,1765,2998,3276,8322,887,5772,6364,16548,2652
1106,Haugesund,2007,2754,3095,8338,1742,2987,3400,8698,874,5741,6495,17036,2616
1106,Haugesund,2008,2746,3150,8459,1727,3055,3498,9023,896,5801,6648,17482,2623
1106,Haugesund,2009,2787,3259,8637,1680,3092,3622,9240,886,5879,6881,17877,2566
1106,Haugesund,2010,2818,3350,8773,1649,3136,3609,9389,879,5954,6959,18162,2528
1106,Haugesund,2011,2876,3434,8917,1615,3173,3609,9674,878,6049,7043,18591,2493
1106,Haugesund,2012,2934,3482,9103,1586,3161,3661,9852,863,6095,7143,18955,2449
1106,Haugesund,2013,2936,3517,9333,1564,3176,3802,10141,864,6112,7319,19474,2428
1106,Haugesund,2014,2976,3542,9488,1562,3163,3790,10255,879,6139,7332,19743,2441
1111,Sokndal,1999,347,319,802,209,352,336,857,129,699,655,1659,338
1111,Sokndal,2000,344,295,795,222,345,329,850,139,689,624,1645,361
1111,Sokndal,2001,339,298,802,219,338,327,853,143,677,625,1655,362
1111,Sokndal,2002,320,299,801,223,328,320,833,148,648,619,1634,371
1111,Sokndal,2003,308,303,799,220,330,310,838,146,638,613,1637,366
1111,Sokndal,2004,309,312,803,210,326,326,846,151,635,638,1649,361
1111,Sokndal,2005,313,306,813,211,318,322,835,156,631,628,1648,367
1111,Sokndal,2006,303,303,812,208,318,321,837,160,621,624,1649,368
1111,Sokndal,2007,289,309,799,213,309,308,846,155,598,617,1645,368
1111,Sokndal,2008,291,299,804,196,304,306,845,152,595,605,1649,348
1111,Sokndal,2009,278,304,814,192,309,309,846,146,587,613,1660,338
1111,Sokndal,2010,288,310,828,184,314,315,859,140,602,625,1687,324
1111,Sokndal,2011,281,290,832,181,308,323,865,135,589,613,1697,316
1111,Sokndal,2012,289,277,836,184,307,325,874,133,596,602,1710,317
1111,Sokndal,2013,284,283,843,188,309,328,884,126,593,611,1727,314
1111,Sokndal,2014,299,293,845,184,300,327,884,124,599,620,1729,308
1112,Lund,1999,328,290,705,171,350,349,739,114,678,639,1444,285
1112,Lund,2000,326,304,692,173,347,342,749,114,673,646,1441,287
1112,Lund,2001,330,306,709,169,346,342,758,109,676,648,1467,278
1112,Lund,2002,339,304,724,169,336,360,767,99,675,664,1491,268
1112,Lund,2003,327,297,727,165,325,352,774,99,652,649,1501,264
1112,Lund,2004,318,305,733,160,323,348,781,103,641,653,1514,263
1112,Lund,2005,326,310,751,154,319,347,776,109,645,657,1527,263
1112,Lund,2006,315,301,749,149,310,337,789,103,625,638,1538,252
1112,Lund,2007,310,308,756,157,311,333,791,102,621,641,1547,259
1112,Lund,2008,322,286,757,156,313,348,800,94,635,634,1557,250
1112,Lund,2009,308,297,754,158,303,347,810,95,611,644,1564,253
1112,Lund,2010,310,315,766,150,306,345,818,91,616,660,1584,241
1112,Lund,2011,320,328,772,147,302,345,824,101,622,673,1596,248
1112,Lund,2012,323,331,780,140,298,330,834,99,621,661,1614,239
1112,Lund,2013,318,337,781,145,298,317,838,102,616,654,1619,247
1112,Lund,2014,319,336,791,146,304,326,854,105,623,662,1645,251
1114,Bjerkreim,1999,268,267,547,116,293,251,587,86,561,518,1134,202
1114,Bjerkreim,2000,264,267,550,117,290,263,582,84,554,530,1132,201
1114,Bjerkreim,2001,276,275,553,118,291,278,574,85,567,553,1127,203
1114,Bjerkreim,2002,268,258,554,123,293,257,586,87,561,515,1140,210
1114,Bjerkreim,2003,271,264,557,124,281,262,595,93,552,526,1152,217
1114,Bjerkreim,2004,270,256,560,118,273,257,601,88,543,513,1161,206
1114,Bjerkreim,2005,269,244,570,119,263,259,619,85,532,503,1189,204
1114,Bjerkreim,2006,266,250,581,121,268,261,613,88,534,511,1194,209
1114,Bjerkreim,2007,267,247,594,117,276,257,625,89,543,504,1219,206
1114,Bjerkreim,2008,265,258,596,113,273,273,647,82,538,531,1243,195
1114,Bjerkreim,2009,270,255,599,116,283,280,667,82,553,535,1266,198
1114,Bjerkreim,2010,258,251,605,117,289,286,669,75,547,537,1274,192
1114,Bjerkreim,2011,267,262,625,111,289,298,685,70,556,560,1310,181
1114,Bjerkreim,2012,286,267,647,106,299,304,713,76,585,571,1360,182
1114,Bjerkreim,2013,295,292,648,105,304,297,724,78,599,589,1372,183
1114,Bjerkreim,2014,287,299,672,98,308,289,751,75,595,588,1423,173
1119,Hå,1999,1563,1498,3066,512,1591,1656,3271,326,3154,3154,6337,838
1119,Hå,2000,1609,1493,3131,509,1604,1677,3349,336,3213,3170,6480,845
1119,Hå,2001,1621,1472,3188,513,1605,1669,3392,340,3226,3141,6580,853
1119,Hå,2002,1633,1485,3246,519,1624,1666,3472,341,3257,3151,6718,860
1119,Hå,2003,1658,1524,3278,522,1653,1675,3546,337,3311,3199,6824,859
1119,Hå,2004,1662,1551,3331,518,1664,1663,3608,350,3326,3214,6939,868
1119,Hå,2005,1674,1576,3415,515,1658,1673,3673,356,3332,3249,7088,871
1119,Hå,2006,1700,1577,3445,531,1695,1636,3726,351,3395,3213,7171,882
1119,Hå,2007,1699,1608,3500,529,1683,1670,3786,361,3382,3278,7286,890
1119,Hå,2008,1698,1625,3616,523,1712,1733,3903,368,3410,3358,7519,891
1119,Hå,2009,1707,1722,3715,530,1766,1796,4076,362,3473,3518,7791,892
1119,Hå,2010,1742,1759,3833,536,1788,1823,4194,366,3530,3582,8027,902
1119,Hå,2011,1776,1816,3977,539,1841,1870,4338,379,3617,3686,8315,918
1119,Hå,2012,1783,1866,4061,525,1888,1933,4492,384,3671,3799,8553,909
1119,Hå,2013,1835,1886,4174,529,1914,2005,4609,399,3749,3891,8783,928
1119,Hå,2014,1872,1955,4286,522,1957,2042,4789,413,3829,3997,9075,935
1120,Klepp,1999,1516,1489,3148,347,1624,1595,3345,217,3140,3084,6493,564
1120,Klepp,2000,1583,1452,3237,368,1710,1527,3444,223,3293,2979,6681,591
1120,Klepp,2001,1607,1380,3325,369,1758,1484,3512,221,3365,2864,6837,590
1120,Klepp,2002,1620,1315,3395,381,1805,1432,3610,229,3425,2747,7005,610
1120,Klepp,2003,1648,1305,3498,391,1820,1384,3664,237,3468,2689,7162,628
1120,Klepp,2004,1673,1322,3526,397,1812,1381,3732,245,3485,2703,7258,642
1120,Klepp,2005,1671,1349,3593,402,1858,1396,3814,254,3529,2745,7407,656
1120,Klepp,2006,1692,1408,3663,412,1843,1447,3886,266,3535,2855,7549,678
1120,Klepp,2007,1703,1501,3742,419,1871,1515,4020,269,3574,3016,7762,688
1120,Klepp,2008,1739,1613,3864,418,1880,1644,4157,280,3619,3257,8021,698
1120,Klepp,2009,1785,1669,3984,430,1912,1727,4319,286,3697,3396,8303,716
1120,Klepp,2010,1803,1737,4136,429,1936,1820,4467,297,3739,3557,8603,726
1120,Klepp,2011,1825,1794,4250,445,1980,1860,4651,307,3805,3654,8901,752
1120,Klepp,2012,1847,1818,4379,446,1991,1880,4794,322,3838,3698,9173,768
1120,Klepp,2013,1863,1905,4480,448,1990,1966,4945,339,3853,3871,9425,787
1120,Klepp,2014,1892,1919,4563,461,2005,1996,5022,357,3897,3915,9585,818
1121,Time,1999,1474,1416,3127,401,1567,1474,3166,276,3041,2890,6293,677
1121,Time,2000,1467,1402,3203,428,1595,1466,3276,269,3062,2868,6479,697
1121,Time,2001,1474,1406,3256,437,1601,1488,3357,261,3075,2894,6613,698
1121,Time,2002,1472,1393,3305,434,1621,1473,3410,273,3093,2866,6715,707
1121,Time,2003,1508,1410,3399,430,1649,1526,3487,283,3157,2936,6886,713
1121,Time,2004,1534,1437,3480,441,1630,1600,3548,298,3164,3037,7028,739
1121,Time,2005,1544,1448,3584,453,1638,1652,3621,313,3182,3100,7205,766
1121,Time,2006,1545,1512,3679,466,1646,1679,3749,319,3191,3191,7428,785
1121,Time,2007,1543,1573,3748,475,1651,1682,3852,318,3194,3255,7600,793
1121,Time,2008,1545,1639,3842,484,1660,1745,3969,332,3205,3384,7811,816
1121,Time,2009,1578,1690,3926,491,1680,1774,4084,344,3258,3464,8010,835
1121,Time,2010,1610,1672,4023,499,1674,1785,4207,351,3284,3457,8230,850
1121,Time,2011,1640,1705,4115,504,1722,1816,4317,355,3362,3521,8432,859
1121,Time,2012,1686,1698,4220,503,1777,1831,4435,359,3463,3529,8655,862
1121,Time,2013,1728,1770,4368,520,1849,1903,4634,381,3577,3673,9002,901
1121,Time,2014,1761,1844,4449,531,1893,1950,4791,396,3654,3794,9240,927
1122,Gjesdal,1999,1092,949,1927,259,1205,1012,2019,144,2297,1961,3946,403
1122,Gjesdal,2000,1093,936,1994,260,1246,995,2081,145,2339,1931,4075,405
1122,Gjesdal,2001,1104,931,2027,263,1249,1001,2126,152,2353,1932,4153,415
1122,Gjesdal,2002,1112,951,2066,263,1267,978,2173,149,2379,1929,4239,412
1122,Gjesdal,2003,1120,915,2142,248,1247,979,2208,147,2367,1894,4350,395
1122,Gjesdal,2004,1143,897,2190,259,1206,1017,2256,143,2349,1914,4446,402
1122,Gjesdal,2005,1130,922,2204,261,1175,1050,2280,142,2305,1972,4484,403
1122,Gjesdal,2006,1097,986,2231,251,1156,1091,2334,147,2253,2077,4565,398
1122,Gjesdal,2007,1082,1039,2288,247,1146,1128,2396,153,2228,2167,4684,400
1122,Gjesdal,2008,1075,1064,2308,253,1127,1186,2445,141,2202,2250,4753,394
1122,Gjesdal,2009,1075,1075,2382,246,1121,1229,2528,149,2196,2304,4910,395
1122,Gjesdal,2010,1111,1105,2471,240,1121,1222,2635,141,2232,2327,5106,381
1122,Gjesdal,2011,1126,1147,2549,247,1144,1248,2738,133,2270,2395,5287,380
1122,Gjesdal,2012,1149,1178,2622,246,1168,1296,2801,139,2317,2474,5423,385
1122,Gjesdal,2013,1172,1217,2694,241,1193,1307,2893,148,2365,2524,5587,389
1122,Gjesdal,2014,1197,1219,2779,234,1227,1341,2984,147,2424,2560,5763,381
1124,Sola,1999,2164,1868,4605,390,2337,1979,4757,307,4501,3847,9362,697
1124,Sola,2000,2202,1858,4671,405,2332,1980,4835,321,4534,3838,9506,726
1124,Sola,2001,2234,1813,4730,439,2336,1932,4922,342,4570,3745,9652,781
1124,Sola,2002,2303,1795,4792,470,2340,1922,4992,348,4643,3717,9784,818
1124,Sola,2003,2309,1815,4893,489,2307,1999,5087,361,4616,3814,9980,850
1124,Sola,2004,2256,1797,4947,504,2322,1991,5125,360,4578,3788,10072,864
1124,Sola,2005,2249,1826,5027,517,2281,2038,5216,372,4530,3864,10243,889
1124,Sola,2006,2262,1897,5121,534,2327,2041,5308,380,4589,3938,10429,914
1124,Sola,2007,2236,2005,5238,551,2329,2152,5449,412,4565,4157,10687,963
1124,Sola,2008,2254,2149,5422,568,2322,2320,5671,438,4576,4469,11093,1006
1124,Sola,2009,2301,2209,5570,593,2362,2383,5889,437,4663,4592,11459,1030
1124,Sola,2010,2370,2331,5726,596,2430,2441,6112,448,4800,4772,11838,1044
1124,Sola,2011,2439,2371,5860,619,2470,2542,6221,460,4909,4913,12081,1079
1124,Sola,2012,2464,2457,6024,643,2491,2594,6388,479,4955,5051,12412,1122
1124,Sola,2013,2511,2530,6177,652,2504,2727,6623,495,5015,5257,12800,1147
1124,Sola,2014,2527,2553,6336,681,2540,2762,6812,513,5067,5315,13148,1194
1127,Randaberg,1999,978,958,2123,188,1077,941,2210,122,2055,1899,4333,310
1127,Randaberg,2000,998,910,2185,192,1079,912,2240,122,2077,1822,4425,314
1127,Randaberg,2001,991,885,2198,192,1105,891,2245,120,2096,1776,4443,312
1127,Randaberg,2002,1003,844,2267,199,1118,866,2321,127,2121,1710,4588,326
1127,Randaberg,2003,1047,831,2292,199,1135,873,2339,141,2182,1704,4631,340
1127,Randaberg,2004,1046,848,2338,193,1165,850,2369,148,2211,1698,4707,341
1127,Randaberg,2005,1035,832,2360,205,1140,875,2379,152,2175,1707,4739,357
1127,Randaberg,2006,1047,833,2433,211,1167,893,2423,173,2214,1726,4856,384
1127,Randaberg,2007,1063,880,2471,222,1153,946,2458,174,2216,1826,4929,396
1127,Randaberg,2008,1072,896,2506,227,1128,985,2511,175,2200,1881,5017,402
1127,Randaberg,2009,1066,938,2538,244,1128,1039,2590,184,2194,1977,5128,428
1127,Randaberg,2010,1051,942,2584,260,1131,1056,2653,188,2182,1998,5237,448
1127,Randaberg,2011,1048,935,2614,278,1138,1053,2658,213,2186,1988,5272,491
1127,Randaberg,2012,1041,1021,2658,280,1116,1100,2703,222,2157,2121,5361,502
1127,Randaberg,2013,1048,1025,2692,291,1097,1144,2744,230,2145,2169,5436,521
1127,Randaberg,2014,1060,1002,2706,310,1052,1178,2750,235,2112,2180,5456,545
1129,Forsand,1999,109,109,227,52,104,107,248,40,213,216,475,92
1129,Forsand,2000,114,98,238,51,113,104,250,38,227,202,488,89
1129,Forsand,2001,106,98,247,48,130,95,254,38,236,193,501,86
1129,Forsand,2002,111,96,258,49,136,95,260,37,247,191,518,86
1129,Forsand,2003,108,103,260,44,134,94,273,38,242,197,533,82
1129,Forsand,2004,117,99,259,44,125,97,275,38,242,196,534,82
1129,Forsand,2005,114,104,271,44,134,93,284,37,248,197,555,81
1129,Forsand,2006,112,102,271,45,133,90,291,38,245,192,562,83
1129,Forsand,2007,109,98,275,44,133,99,294,37,242,197,569,81
1129,Forsand,2008,106,102,284,42,134,96,301,36,240,198,585,78
1129,Forsand,2009,109,112,284,45,141,90,305,38,250,202,589,83
1129,Forsand,2010,114,104,288,47,137,98,305,38,251,202,593,85
1129,Forsand,2011,119,108,291,49,127,98,314,44,246,206,605,93
1129,Forsand,2012,116,105,296,52,130,110,318,47,246,215,614,99
1129,Forsand,2013,120,110,305,52,145,115,330,41,265,225,635,93
1129,Forsand,2014,120,110,303,56,137,119,342,40,257,229,645,96
1130,Strand,1999,1091,1077,2315,404,1089,1159,2409,289,2180,2236,4724,693
1130,Strand,2000,1103,1088,2349,413,1090,1170,2449,290,2193,2258,4798,703
1130,Strand,2001,1103,1107,2378,414,1135,1122,2483,277,2238,2229,4861,691
1130,Strand,2002,1084,1109,2420,405,1155,1087,2500,293,2239,2196,4920,698
1130,Strand,2003,1090,1110,2445,412,1171,1074,2563,296,2261,2184,5008,708
1130,Strand,2004,1091,1113,2489,412,1149,1072,2575,284,2240,2185,5064,696
1130,Strand,2005,1090,1084,2557,410,1146,1081,2630,289,2236,2165,5187,699
1130,Strand,2006,1100,1086,2586,412,1166,1090,2685,296,2266,2176,5271,708
1130,Strand,2007,1086,1097,2617,412,1168,1096,2720,305,2254,2193,5337,717
1130,Strand,2008,1122,1101,2686,418,1186,1131,2793,298,2308,2232,5479,716
1130,Strand,2009,1137,1096,2739,425,1178,1152,2858,307,2315,2248,5597,732
1130,Strand,2010,1147,1084,2816,417,1165,1204,2905,307,2312,2288,5721,724
1130,Strand,2011,1158,1128,2839,414,1193,1188,2982,301,2351,2316,5821,715
1130,Strand,2012,1167,1111,2912,411,1233,1223,3008,314,2400,2334,5920,725
1130,Strand,2013,1191,1176,2990,426,1257,1244,3098,312,2448,2420,6088,738
1130,Strand,2014,1220,1212,3056,432,1301,1253,3185,320,2521,2465,6241,752
1133,Hjelmeland,1999,267,265,623,194,279,288,683,128,546,553,1306,322
1133,Hjelmeland,2000,263,260,630,188,276,286,691,131,539,546,1321,319
1133,Hjelmeland,2001,263,253,639,184,266,277,698,129,529,530,1337,313
1133,Hjelmeland,2002,260,251,639,178,262,272,693,126,522,523,1332,304
1133,Hjelmeland,2003,260,249,653,171,261,276,696,117,521,525,1349,288
1133,Hjelmeland,2004,261,253,649,168,264,282,707,121,525,535,1356,289
1133,Hjelmeland,2005,270,247,658,158,267,269,717,119,537,516,1375,277
1133,Hjelmeland,2006,265,262,662,149,269,270,703,115,534,532,1365,264
1133,Hjelmeland,2007,257,271,656,144,257,269,702,113,514,540,1358,257
1133,Hjelmeland,2008,252,268,654,136,251,264,715,108,503,532,1369,244
1133,Hjelmeland,2009,260,259,661,136,252,267,726,107,512,526,1387,243
1133,Hjelmeland,2010,271,253,682,134,261,258,744,103,532,511,1426,237
1133,Hjelmeland,2011,281,257,695,126,264,279,758,106,545,536,1453,232
1133,Hjelmeland,2012,296,244,697,125,272,275,767,104,568,519,1464,229
1133,Hjelmeland,2013,284,248,696,116,264,273,781,100,548,521,1477,216
1133,Hjelmeland,2014,293,241,703,111,265,265,788,94,558,506,1491,205
1134,Suldal,1999,376,409,942,254,394,453,1021,162,770,862,1963,416
1134,Suldal,2000,382,395,960,246,396,433,1027,158,778,828,1987,404
1134,Suldal,2001,375,400,963,239,390,428,1033,159,765,828,1996,398
1134,Suldal,2002,374,403,953,241,386,402,1035,153,760,805,1988,394
1134,Suldal,2003,360,385,956,242,361,400,1021,162,721,785,1977,404
1134,Suldal,2004,354,372,956,250,361,375,1017,167,715,747,1973,417
1134,Suldal,2005,352,377,963,249,369,368,1022,163,721,745,1985,412
1134,Suldal,2006,344,359,964,261,355,364,1022,159,699,723,1986,420
1134,Suldal,2007,352,353,976,252,353,375,1026,146,705,728,2002,398
1134,Suldal,2008,337,344,976,253,350,353,1034,144,687,697,2010,397
1134,Suldal,2009,343,325,993,251,343,347,1034,152,686,672,2027,403
1134,Suldal,2010,350,312,1013,240,346,345,1039,155,696,657,2052,395
1134,Suldal,2011,346,324,1014,236,359,342,1041,155,705,666,2055,391
1134,Suldal,2012,337,327,1015,229,352,356,1033,157,689,683,2048,386
1134,Suldal,2013,342,336,1026,215,359,357,1041,156,701,693,2067,371
1134,Suldal,2014,339,341,1026,207,362,348,1064,148,701,689,2090,355
1135,Sauda,1999,506,445,1288,311,494,489,1346,163,1000,934,2634,474
1135,Sauda,2000,511,430,1289,308,487,486,1349,162,998,916,2638,470
1135,Sauda,2001,489,426,1274,315,477,475,1336,176,966,901,2610,491
1135,Sauda,2002,465,406,1278,323,459,473,1307,182,924,879,2585,505
1135,Sauda,2003,454,420,1266,330,448,472,1290,190,902,892,2556,520
1135,Sauda,2004,452,417,1269,322,431,473,1280,198,883,890,2549,520
1135,Sauda,2005,422,418,1261,323,419,464,1268,200,841,882,2529,523
1135,Sauda,2006,412,405,1250,316,412,466,1260,200,824,871,2510,516
1135,Sauda,2007,405,420,1236,321,398,449,1245,216,803,869,2481,537
1135,Sauda,2008,409,407,1239,325,389,440,1250,229,798,847,2489,554
1135,Sauda,2009,402,413,1236,325,377,454,1251,224,779,867,2487,549
1135,Sauda,2010,378,419,1238,317,359,474,1245,222,737,893,2483,539
1135,Sauda,2011,386,426,1226,317,348,481,1252,225,734,907,2478,542
1135,Sauda,2012,393,445,1233,316,352,477,1274,222,745,922,2507,538
1135,Sauda,2013,389,440,1237,306,363,456,1290,213,752,896,2527,519
1135,Sauda,2014,392,441,1246,306,379,447,1293,217,771,888,2539,523
1141,Finnøy,1999,312,273,659,178,323,275,667,133,635,548,1326,311
1141,Finnøy,2000,306,278,665,183,322,281,668,131,628,559,1333,314
1141,Finnøy,2001,288,289,659,182,320,283,673,129,608,572,1332,311
1141,Finnøy,2002,281,284,653,172,304,293,671,128,585,577,1324,300
1141,Finnøy,2003,285,274,662,167,307,284,671,122,592,558,1333,289
1141,Finnøy,2004,288,281,662,162,312,286,665,123,600,567,1327,285
1141,Finnøy,2005,269,285,662,161,304,278,659,127,573,563,1321,288
1141,Finnøy,2006,261,271,659,163,294,266,666,124,555,537,1325,287
1141,Finnøy,2007,247,258,657,165,275,261,672,113,522,519,1329,278
1141,Finnøy,2008,250,256,666,169,279,265,685,108,529,521,1351,277
1141,Finnøy,2009,249,252,686,159,275,296,731,111,524,548,1417,270
1141,Finnøy,2010,241,275,678,159,276,307,747,106,517,582,1425,265
1141,Finnøy,2011,257,295,696,155,275,325,781,99,532,620,1477,254
1141,Finnøy,2012,255,293,715,153,272,321,806,100,527,614,1521,253
1141,Finnøy,2013,267,292,738,150,284,310,843,93,551,602,1581,243
1141,Finnøy,2014,268,286,759,144,293,309,859,96,561,595,1618,240
1142,Rennesøy,1999,322,304,671,125,378,321,737,106,700,625,1408,231
1142,Rennesøy,2000,337,282,722,127,406,318,769,105,743,600,1491,232
1142,Rennesøy,2001,346,290,735,129,404,313,797,101,750,603,1532,230
1142,Rennesøy,2002,354,294,748,131,423,303,828,104,777,597,1576,235
1142,Rennesøy,2003,371,284,759,135,437,298,832,103,808,582,1591,238
1142,Rennesøy,2004,379,289,770,137,425,308,860,93,804,597,1630,230
1142,Rennesøy,2005,377,294,786,133,424,311,873,100,801,605,1659,233
1142,Rennesøy,2006,385,301,806,134,422,331,894,93,807,632,1700,227
1142,Rennesøy,2007,407,297,842,137,426,337,926,97,833,634,1768,234
1142,Rennesøy,2008,440,320,900,133,446,364,999,103,886,684,1899,236
1142,Rennesøy,2009,440,345,935,135,453,385,1045,100,893,730,1980,235
1142,Rennesøy,2010,456,363,969,134,449,396,1087,106,905,759,2056,240
1142,Rennesøy,2011,485,380,1015,133,468,415,1123,109,953,795,2138,242
1142,Rennesøy,2012,504,395,1076,133,489,450,1164,105,993,845,2240,238
1142,Rennesøy,2013,524,425,1133,131,518,478,1228,99,1042,903,2361,230
1142,Rennesøy,2014,534,449,1181,119,536,499,1263,101,1070,948,2444,220
1144,Kvitsøy,1999,52,47,125,23,47,42,151,20,99,89,276,43
1144,Kvitsøy,2000,47,54,125,24,50,40,155,20,97,94,280,44
1144,Kvitsøy,2001,46,53,131,22,53,38,154,22,99,91,285,44
1144,Kvitsøy,2002,44,52,132,20,61,33,152,21,105,85,284,41
1144,Kvitsøy,2003,44,53,133,21,55,38,152,19,99,91,285,40
1144,Kvitsøy,2004,42,46,130,23,55,40,144,24,97,86,274,47
1144,Kvitsøy,2005,39,41,132,24,52,41,148,24,91,82,280,48
1144,Kvitsøy,2006,44,40,137,24,56,45,147,25,100,85,284,49
1144,Kvitsøy,2007,48,41,136,24,56,45,149,24,104,86,285,48
1144,Kvitsøy,2008,45,46,137,28,57,44,149,27,102,90,286,55
1144,Kvitsøy,2009,44,40,142,29,54,50,147,30,98,90,289,59
1144,Kvitsøy,2010,39,44,134,28,50,56,137,32,89,100,271,60
1144,Kvitsøy,2011,41,46,135,28,49,53,136,35,90,99,271,63
1144,Kvitsøy,2012,39,50,133,26,46,51,134,37,85,101,267,63
1144,Kvitsøy,2013,40,49,130,29,51,56,139,32,91,105,269,61
1144,Kvitsøy,2014,45,42,136,28,54,46,145,30,99,88,281,58
1145,Bokn,1999,68,85,175,44,73,82,200,17,141,167,375,61
1145,Bokn,2000,70,94,177,47,73,79,212,19,143,173,389,66
1145,Bokn,2001,74,90,178,48,84,75,214,18,158,165,392,66
1145,Bokn,2002,75,81,181,44,83,64,209,20,158,145,390,64
1145,Bokn,2003,70,77,186,43,86,61,212,22,156,138,398,65
1145,Bokn,2004,69,72,188,46,84,57,216,21,153,129,404,67
1145,Bokn,2005,65,71,189,49,91,52,216,25,156,123,405,74
1145,Bokn,2006,67,70,191,48,89,57,220,23,156,127,411,71
1145,Bokn,2007,72,63,200,51,90,60,221,23,162,123,421,74
1145,Bokn,2008,77,71,207,51,93,68,222,29,170,139,429,80
1145,Bokn,2009,73,67,205,45,87,70,223,30,160,137,428,75
1145,Bokn,2010,73,67,212,46,93,68,228,32,166,135,440,78
1145,Bokn,2011,74,61,221,44,95,75,225,33,169,136,446,77
1145,Bokn,2012,70,66,222,45,99,80,229,33,169,146,451,78
1145,Bokn,2013,73,68,222,45,97,85,236,34,170,153,458,79
1145,Bokn,2014,68,76,223,46,96,89,234,33,164,165,457,79
1146,Tysvær,1999,990,884,1956,299,1066,979,2142,203,2056,1863,4098,502
1146,Tysvær,2000,1006,895,2007,301,1080,991,2203,214,2086,1886,4210,515
1146,Tysvær,2001,1021,885,2071,297,1096,958,2235,206,2117,1843,4306,503
1146,Tysvær,2002,1038,883,2113,309,1098,964,2290,204,2136,1847,4403,513
1146,Tysvær,2003,1044,868,2160,301,1098,953,2341,203,2142,1821,4501,504
1146,Tysvær,2004,1046,888,2208,285,1104,953,2401,204,2150,1841,4609,489
1146,Tysvær,2005,1064,885,2254,287,1119,976,2455,207,2183,1861,4709,494
1146,Tysvær,2006,1045,841,2293,284,1098,976,2457,208,2143,1817,4750,492
1146,Tysvær,2007,1050,886,2312,298,1110,993,2503,213,2160,1879,4815,511
1146,Tysvær,2008,1067,872,2347,298,1118,980,2556,231,2185,1852,4903,529
1146,Tysvær,2009,1051,897,2382,299,1119,1020,2593,233,2170,1917,4975,532
1146,Tysvær,2010,1045,929,2445,295,1143,1011,2662,240,2188,1940,5107,535
1146,Tysvær,2011,1064,956,2498,311,1162,1053,2744,253,2226,2009,5242,564
1146,Tysvær,2012,1038,1022,2526,323,1170,1053,2804,265,2208,2075,5330,588
1146,Tysvær,2013,1070,1036,2590,314,1171,1058,2819,271,2241,2094,5409,585
1146,Tysvær,2014,1095,1054,2660,313,1194,1072,2881,273,2289,2126,5541,586
1149,Karmøy,1999,3893,3904,8841,1354,4026,4125,9144,807,7919,8029,17985,2161
1149,Karmøy,2000,3959,3846,8953,1359,4075,4019,9396,798,8034,7865,18349,2157
1149,Karmøy,2001,4015,3740,9109,1378,4155,3882,9536,795,8170,7622,18645,2173
1149,Karmøy,2002,4007,3619,9226,1402,4166,3734,9636,813,8173,7353,18862,2215
1149,Karmøy,2003,3973,3588,9349,1427,4184,3656,9711,837,8157,7244,19060,2264
1149,Karmøy,2004,3955,3570,9450,1430,4136,3629,9778,856,8091,7199,19228,2286
1149,Karmøy,2005,3914,3622,9592,1432,4070,3723,9901,878,7984,7345,19493,2310
1149,Karmøy,2006,3866,3688,9723,1434,4024,3774,10051,893,7890,7462,19774,2327
1149,Karmøy,2007,3829,3788,9835,1431,3987,3876,10154,933,7816,7664,19989,2364
1149,Karmøy,2008,3834,3870,9973,1436,3961,3942,10495,926,7795,7812,20468,2362
1149,Karmøy,2009,3802,3911,10128,1441,3965,3954,10650,959,7767,7865,20778,2400
1149,Karmøy,2010,3833,3873,10261,1467,3973,3971,10754,967,7806,7844,21015,2434
1149,Karmøy,2011,3787,3906,10432,1462,3946,4058,10920,980,7733,7964,21352,2442
1149,Karmøy,2012,3837,3906,10585,1468,4019,4118,11055,1011,7856,8024,21640,2479
1149,Karmøy,2013,3859,3967,10745,1471,4054,4125,11314,1043,7913,8092,22059,2514
1149,Karmøy,2014,3872,4097,10906,1517,4085,4213,11478,1055,7957,8310,22384,2572
1151,Utsira,1999,18,23,42,24,30,27,64,13,48,50,106,37
1151,Utsira,2000,19,24,47,24,34,27,66,12,53,51,113,36
1151,Utsira,2001,17,20,46,21,30,27,60,9,47,47,106,30
1151,Utsira,2002,20,17,46,19,32,26,60,10,52,43,106,29
1151,Utsira,2003,17,18,47,17,28,25,59,9,45,43,106,26
1151,Utsira,2004,19,19,46,14,25,24,58,7,44,43,104,21
1151,Utsira,2005,20,16,47,13,27,24,56,9,47,40,103,22
1151,Utsira,2006,19,15,47,13,27,23,54,9,46,38,101,22
1151,Utsira,2007,20,12,51,12,24,27,58,9,44,39,109,21
1151,Utsira,2008,19,14,49,13,22,25,60,8,41,39,109,21
1151,Utsira,2009,17,20,47,10,21,23,66,8,38,43,113,18
1151,Utsira,2010,17,22,46,12,22,20,71,8,39,42,117,20
1151,Utsira,2011,18,21,49,10,20,21,66,8,38,42,115,18
1151,Utsira,2012,15,18,54,9,22,20,68,10,37,38,122,19
1151,Utsira,2013,10,19,52,9,20,20,66,10,30,39,118,19
1151,Utsira,2014,12,20,56,6,21,17,66,9,33,37,122,15
1201,Bergen,1999,20519,22932,59606,11458,21743,23381,58425,6004,42262,46313,118031,17462
1201,Bergen,2000,20890,22595,60448,11513,22191,23127,59467,6030,43081,45722,119915,17543
1201,Bergen,2001,21106,22365,61048,11470,22345,23093,60175,6075,43451,45458,121223,17545
1201,Bergen,2002,21344,22593,61806,11478,22475,23291,61081,6131,43819,45884,122887,17609
1201,Bergen,2003,21420,22850,62487,11415,22500,23534,61882,6181,43920,46384,124369,17596
1201,Bergen,2004,21433,23124,63104,11420,22458,23808,62670,6232,43891,46932,125774,17652
1201,Bergen,2005,21321,23388,63612,11388,22320,24131,63468,6323,43641,47519,127080,17711
1201,Bergen,2006,21218,24039,64278,11451,22131,24779,64411,6495,43349,48818,128689,17946
1201,Bergen,2007,21078,24646,64711,11466,21962,25552,65357,6555,43040,50198,130068,18021
1201,Bergen,2008,21086,25422,65053,11496,21783,26569,66414,6634,42869,51991,131467,18130
1201,Bergen,2009,21229,26213,65981,11442,21869,27513,67695,6663,43098,53726,133676,18105
1201,Bergen,2010,21382,27193,66986,11474,22114,28387,68816,6748,43496,55580,135802,18222
1201,Bergen,2011,21404,27944,67878,11369,22258,29110,70195,6728,43662,57054,138073,18097
1201,Bergen,2012,21441,28498,68725,11306,22288,29740,71550,6780,43729,58238,140275,18086
1201,Bergen,2013,21591,29267,69680,11316,22313,30493,73052,6815,43904,59760,142732,18131
1201,Bergen,2014,21659,30065,70513,11331,22462,31278,74285,6954,44121,61343,144798,18285
1211,Etne,1999,375,400,911,238,369,449,992,160,744,849,1903,398
1211,Etne,2000,378,371,912,247,367,435,1002,157,745,806,1914,404
1211,Etne,2001,369,367,935,250,380,408,1015,166,749,775,1950,416
1211,Etne,2002,386,361,939,247,378,402,1044,161,764,763,1983,408
1211,Etne,2003,382,370,939,245,357,405,1034,166,739,775,1973,411
1211,Etne,2004,384,357,939,243,363,378,1054,160,747,735,1993,403
1211,Etne,2005,372,360,941,238,352,388,1048,158,724,748,1989,396
1211,Etne,2006,355,356,953,229,350,377,1056,152,705,733,2009,381
1211,Etne,2007,351,354,954,218,348,390,1061,143,699,744,2015,361
1211,Etne,2008,344,348,960,216,349,394,1052,153,693,742,2012,369
1211,Etne,2009,349,348,965,219,351,380,1049,155,700,728,2014,374
1211,Etne,2010,346,338,975,220,346,379,1078,154,692,717,2053,374
1211,Etne,2011,347,343,991,216,353,379,1089,147,700,722,2080,363
1211,Etne,2012,334,347,1004,220,357,379,1107,150,691,726,2111,370
1211,Etne,2013,353,344,1030,213,377,374,1145,149,730,718,2175,362
1211,Etne,2014,360,348,1030,210,371,384,1155,151,731,732,2185,361
1216,Sveio,1999,471,470,1078,188,491,554,1144,121,962,1024,2222,309
1216,Sveio,2000,490,451,1079,201,507,573,1135,126,997,1024,2214,327
1216,Sveio,2001,500,442,1094,210,527,555,1158,124,1027,997,2252,334
1216,Sveio,2002,496,428,1110,208,538,533,1183,120,1034,961,2293,328
1216,Sveio,2003,483,426,1113,204,549,510,1197,129,1032,936,2310,333
1216,Sveio,2004,479,432,1127,205,530,520,1209,127,1009,952,2336,332
1216,Sveio,2005,479,437,1134,201,522,505,1225,127,1001,942,2359,328
1216,Sveio,2006,476,438,1162,202,504,521,1255,129,980,959,2417,331
1216,Sveio,2007,486,422,1193,202,509,498,1271,125,995,920,2464,327
1216,Sveio,2008,502,438,1213,194,502,508,1288,125,1004,946,2501,319
1216,Sveio,2009,506,427,1228,195,513,501,1338,129,1019,928,2566,324
1216,Sveio,2010,515,441,1252,200,511,511,1374,127,1026,952,2626,327
1216,Sveio,2011,527,465,1278,195,532,530,1408,127,1059,995,2686,322
1216,Sveio,2012,514,463,1300,195,536,544,1452,139,1050,1007,2752,334
1216,Sveio,2013,534,482,1349,190,569,534,1528,140,1103,1016,2877,330
1216,Sveio,2014,538,488,1362,190,588,535,1554,130,1126,1023,2916,320
1219,Bømlo,1999,1153,1131,2371,474,1285,1265,2557,292,2438,2396,4928,766
1219,Bømlo,2000,1156,1099,2386,504,1284,1278,2594,300,2440,2377,4980,804
1219,Bømlo,2001,1150,1107,2402,488,1285,1273,2643,311,2435,2380,5045,799
1219,Bømlo,2002,1182,1088,2419,518,1287,1241,2678,307,2469,2329,5097,825
1219,Bømlo,2003,1176,1084,2444,515,1277,1189,2719,297,2453,2273,5163,812
1219,Bømlo,2004,1149,1076,2464,522,1250,1202,2709,303,2399,2278,5173,825
1219,Bømlo,2005,1122,1053,2503,526,1226,1201,2734,302,2348,2254,5237,828
1219,Bømlo,2006,1106,1052,2517,529,1264,1172,2743,305,2370,2224,5260,834
1219,Bømlo,2007,1083,1066,2556,527,1229,1188,2775,314,2312,2254,5331,841
1219,Bømlo,2008,1096,1066,2600,529,1215,1210,2809,311,2311,2276,5409,840
1219,Bømlo,2009,1104,1094,2621,534,1220,1222,2859,297,2324,2316,5480,831
1219,Bømlo,2010,1109,1097,2684,542,1203,1242,2933,293,2312,2339,5617,835
1219,Bømlo,2011,1125,1087,2734,539,1247,1236,3003,296,2372,2323,5737,835
1219,Bømlo,2012,1145,1099,2782,528,1235,1257,3015,303,2380,2356,5797,831
1219,Bømlo,2013,1131,1109,2846,527,1225,1252,3103,309,2356,2361,5949,836
1219,Bømlo,2014,1159,1102,2889,517,1216,1248,3166,313,2375,2350,6055,830
1221,Stord,1999,1748,1748,3783,485,1884,1893,3978,299,3632,3641,7761,784
1221,Stord,2000,1725,1714,3849,502,1894,1846,4052,307,3619,3560,7901,809
1221,Stord,2001,1756,1689,3906,517,1892,1828,4073,306,3648,3517,7979,823
1221,Stord,2002,1770,1654,3943,545,1913,1751,4117,302,3683,3405,8060,847
1221,Stord,2003,1777,1613,4018,556,1922,1698,4171,317,3699,3311,8189,873
1221,Stord,2004,1772,1617,4076,570,1880,1722,4247,320,3652,3339,8323,890
1221,Stord,2005,1757,1637,4121,592,1835,1735,4301,337,3592,3372,8422,929
1221,Stord,2006,1757,1660,4199,581,1820,1745,4361,333,3577,3405,8560,914
1221,Stord,2007,1735,1686,4248,601,1838,1756,4413,360,3573,3442,8661,961
1221,Stord,2008,1757,1690,4302,622,1811,1809,4509,376,3568,3499,8811,998
1221,Stord,2009,1736,1717,4355,630,1780,1869,4593,388,3516,3586,8948,1018
1221,Stord,2010,1720,1787,4403,651,1787,1898,4648,393,3507,3685,9051,1044
1221,Stord,2011,1752,1810,4451,664,1774,1937,4755,410,3526,3747,9206,1074
1221,Stord,2012,1758,1823,4493,658,1771,1977,4831,424,3529,3800,9324,1082
1221,Stord,2013,1756,1874,4571,664,1765,1968,4906,416,3521,3842,9477,1080
1221,Stord,2014,1769,1874,4653,668,1783,1989,5034,449,3552,3863,9687,1117
1222,Fitjar,1999,296,340,664,116,308,404,705,79,604,744,1369,195
1222,Fitjar,2000,304,328,675,118,320,395,720,81,624,723,1395,199
1222,Fitjar,2001,306,322,669,126,322,393,708,81,628,715,1377,207
1222,Fitjar,2002,303,310,658,131,315,379,699,87,618,689,1357,218
1222,Fitjar,2003,305,295,654,135,308,374,703,84,613,669,1357,219
1222,Fitjar,2004,301,303,671,134,315,348,713,84,616,651,1384,218
1222,Fitjar,2005,307,277,671,140,318,322,730,80,625,599,1401,220
1222,Fitjar,2006,307,272,684,137,324,312,746,82,631,584,1430,219
1222,Fitjar,2007,303,273,682,146,318,296,761,77,621,569,1443,223
1222,Fitjar,2008,313,268,690,148,316,296,767,80,629,564,1457,228
1222,Fitjar,2009,306,263,691,148,318,285,775,84,624,548,1466,232
1222,Fitjar,2010,298,268,707,144,312,290,792,83,610,558,1499,227
1222,Fitjar,2011,300,270,714,139,302,282,811,82,602,552,1525,221
1222,Fitjar,2012,301,277,728,142,291,273,818,76,592,550,1546,218
1222,Fitjar,2013,306,262,745,139,302,279,840,74,608,541,1585,213
1222,Fitjar,2014,296,268,764,134,297,290,858,69,593,558,1622,203
1223,Tysnes,1999,242,228,687,224,289,254,703,151,531,482,1390,375
1223,Tysnes,2000,245,225,689,225,297,257,710,151,542,482,1399,376
1223,Tysnes,2001,258,237,691,224,296,291,758,154,554,528,1449,378
1223,Tysnes,2002,250,221,702,216,287,263,745,140,537,484,1447,356
1223,Tysnes,2003,241,241,698,211,266,264,737,134,507,505,1435,345
1223,Tysnes,2004,247,239,693,215,254,260,748,125,501,499,1441,340
1223,Tysnes,2005,258,243,694,216,258,258,755,121,516,501,1449,337
1223,Tysnes,2006,254,225,698,222,246,251,760,119,500,476,1458,341
1223,Tysnes,2007,230,224,695,215,235,246,762,122,465,470,1457,337
1223,Tysnes,2008,229,234,703,215,229,252,767,120,458,486,1470,335
1223,Tysnes,2009,230,234,704,221,212,273,763,126,442,507,1467,347
1223,Tysnes,2010,223,237,699,220,221,266,756,128,444,503,1455,348
1223,Tysnes,2011,222,233,690,219,203,273,761,123,425,506,1451,342
1223,Tysnes,2012,221,246,689,222,206,261,775,118,427,507,1464,340
1223,Tysnes,2013,219,233,692,208,197,262,773,126,416,495,1465,334
1223,Tysnes,2014,218,218,705,207,199,275,781,121,417,493,1486,328
1224,Kvinnherad,1999,1296,1321,3148,693,1367,1439,3324,435,2663,2760,6472,1128
1224,Kvinnherad,2000,1307,1276,3203,688,1340,1426,3376,418,2647,2702,6579,1106
1224,Kvinnherad,2001,1294,1284,3229,663,1294,1422,3404,429,2588,2706,6633,1092
1224,Kvinnherad,2002,1286,1228,3269,674,1296,1382,3439,414,2582,2610,6708,1088
1224,Kvinnherad,2003,1289,1214,3296,678,1297,1354,3443,424,2586,2568,6739,1102
1224,Kvinnherad,2004,1308,1191,3319,689,1278,1299,3500,422,2586,2490,6819,1111
1224,Kvinnherad,2005,1278,1174,3331,686,1285,1263,3523,417,2563,2437,6854,1103
1224,Kvinnherad,2006,1258,1161,3347,703,1281,1240,3528,411,2539,2401,6875,1114
1224,Kvinnherad,2007,1230,1157,3357,693,1273,1246,3515,423,2503,2403,6872,1116
1224,Kvinnherad,2008,1215,1168,3365,699,1262,1227,3535,426,2477,2395,6900,1125
1224,Kvinnherad,2009,1223,1178,3376,702,1255,1235,3565,420,2478,2413,6941,1122
1224,Kvinnherad,2010,1231,1173,3406,689,1253,1261,3589,430,2484,2434,6995,1119
1224,Kvinnherad,2011,1219,1178,3448,677,1265,1248,3620,443,2484,2426,7068,1120
1224,Kvinnherad,2012,1205,1194,3484,669,1256,1266,3644,455,2461,2460,7128,1124
1224,Kvinnherad,2013,1192,1163,3500,675,1249,1258,3652,471,2441,2421,7152,1146
1224,Kvinnherad,2014,1189,1125,3493,709,1221,1242,3647,475,2410,2367,7140,1184
1227,Jondal,1999,111,106,282,105,95,110,291,55,206,216,573,160
1227,Jondal,2000,105,110,282,98,96,109,286,56,201,219,568,154
1227,Jondal,2001,100,107,276,102,96,96,292,56,196,203,568,158
1227,Jondal,2002,105,102,273,94,92,98,287,54,197,200,560,148
1227,Jondal,2003,99,87,272,86,82,100,284,54,181,187,556,140
1227,Jondal,2004,97,88,274,86,79,100,276,62,176,188,550,148
1227,Jondal,2005,95,92,278,86,88,92,280,58,183,184,558,144
1227,Jondal,2006,93,86,276,79,93,87,277,53,186,173,553,132
1227,Jondal,2007,93,90,270,77,99,85,272,57,192,175,542,134
1227,Jondal,2008,88,90,271,78,92,98,268,56,180,188,539,134
1227,Jondal,2009,72,88,269,80,92,88,272,51,164,176,541,131
1227,Jondal,2010,73,90,278,73,91,90,284,48,164,180,562,121
1227,Jondal,2011,73,90,276,77,95,88,284,50,168,178,560,127
1227,Jondal,2012,72,97,278,75,94,91,289,46,166,188,567,121
1227,Jondal,2013,68,98,280,68,96,85,301,44,164,183,581,112
1227,Jondal,2014,68,113,288,67,94,97,309,46,162,210,597,113
1228,Odda,1999,651,659,2028,564,677,736,2040,290,1328,1395,4068,854
1228,Odda,2000,650,657,2000,580,670,727,2049,290,1320,1384,4049,870
1228,Odda,2001,639,642,1986,574,668,707,2021,298,1307,1349,4007,872
1228,Odda,2002,656,630,1977,566,675,692,1996,306,1331,1322,3973,872
1228,Odda,2003,643,609,1971,583,671,674,1986,304,1314,1283,3957,887
1228,Odda,2004,634,598,1977,579,664,643,1992,303,1298,1241,3969,882
1228,Odda,2005,621,570,1958,577,641,649,1984,315,1262,1219,3942,892
1228,Odda,2006,588,568,1926,574,616,622,1968,321,1204,1190,3894,895
1228,Odda,2007,561,570,1899,570,594,623,1959,317,1155,1193,3858,887
1228,Odda,2008,566,561,1880,554,591,624,1944,315,1157,1185,3824,869
1228,Odda,2009,553,580,1856,554,558,628,1959,303,1111,1208,3815,857
1228,Odda,2010,548,584,1880,524,564,611,1974,294,1112,1195,3854,818
1228,Odda,2011,524,589,1868,517,556,608,1975,283,1080,1197,3843,800
1228,Odda,2012,512,580,1868,520,535,618,1972,277,1047,1198,3840,797
1228,Odda,2013,500,617,1889,511,518,640,1959,286,1018,1257,3848,797
1228,Odda,2014,495,624,1886,511,516,653,1963,289,1011,1277,3849,800
1231,Ullensvang,1999,294,323,863,270,312,399,947,152,606,722,1810,422
1231,Ullensvang,2000,285,311,870,265,315,371,949,155,600,682,1819,420
1231,Ullensvang,2001,314,308,878,267,321,366,965,150,635,674,1843,417
1231,Ullensvang,2002,316,304,879,255,307,334,980,147,623,638,1859,402
1231,Ullensvang,2003,316,295,874,261,311,328,985,144,627,623,1859,405
1231,Ullensvang,2004,318,270,885,248,285,321,997,146,603,591,1882,394
1231,Ullensvang,2005,318,262,891,250,292,324,993,148,610,586,1884,398
1231,Ullensvang,2006,307,263,889,246,291,308,998,139,598,571,1887,385
1231,Ullensvang,2007,305,252,886,242,279,303,977,145,584,555,1863,387
1231,Ullensvang,2008,300,268,890,230,269,309,975,140,569,577,1865,370
1231,Ullensvang,2009,283,256,884,228,271,305,957,140,554,561,1841,368
1231,Ullensvang,2010,280,259,903,218,277,303,964,149,557,562,1867,367
1231,Ullensvang,2011,275,282,910,210,277,294,969,153,552,576,1879,363
1231,Ullensvang,2012,270,279,924,204,277,299,979,156,547,578,1903,360
1231,Ullensvang,2013,279,269,925,194,281,274,980,160,560,543,1905,354
1231,Ullensvang,2014,280,267,909,198,274,285,962,165,554,552,1871,363
1232,Eidfjord,1999,101,84,260,72,112,88,249,38,213,172,509,110
1232,Eidfjord,2000,111,82,265,67,121,87,254,38,232,169,519,105
1232,Eidfjord,2001,100,85,259,67,113,86,243,41,213,171,502,108
1232,Eidfjord,2002,91,73,259,67,105,79,239,41,196,152,498,108
1232,Eidfjord,2003,81,76,246,63,90,79,240,36,171,155,486,99
1232,Eidfjord,2004,72,82,244,64,84,80,243,38,156,162,487,102
1232,Eidfjord,2005,71,84,250,60,80,84,247,33,151,168,497,93
1232,Eidfjord,2006,60,80,252,60,70,90,249,30,130,170,501,90
1232,Eidfjord,2007,63,82,253,61,70,91,260,28,133,173,513,89
1232,Eidfjord,2008,67,83,254,67,69,88,271,26,136,171,525,93
1232,Eidfjord,2009,77,79,259,60,68,88,274,30,145,167,533,90
1232,Eidfjord,2010,71,85,262,60,70,92,282,28,141,177,544,88
1232,Eidfjord,2011,73,80,265,58,68,94,282,28,141,174,547,86
1232,Eidfjord,2012,75,83,263,58,66,97,275,30,141,180,538,88
1232,Eidfjord,2013,74,83,263,59,73,92,268,32,147,175,531,91
1232,Eidfjord,2014,72,86,262,62,72,93,266,33,144,179,528,95
1233,Ulvik,1999,111,97,309,97,124,111,318,52,235,208,627,149
1233,Ulvik,2000,110,98,308,98,120,106,321,51,230,204,629,149
1233,Ulvik,2001,102,94,300,99,115,101,320,58,217,195,620,157
1233,Ulvik,2002,99,92,295,99,119,99,326,54,218,191,621,153
1233,Ulvik,2003,101,86,298,93,115,94,325,53,216,180,623,146
1233,Ulvik,2004,105,79,292,93,114,98,329,53,219,177,621,146
1233,Ulvik,2005,105,80,286,96,111,94,324,53,216,174,610,149
1233,Ulvik,2006,98,81,289,90,112,90,317,56,210,171,606,146
1233,Ulvik,2007,99,76,293,92,106,93,314,57,205,169,607,149
1233,Ulvik,2008,84,80,284,90,104,89,317,53,188,169,601,143
1233,Ulvik,2009,81,73,283,92,95,85,321,53,176,158,604,145
1233,Ulvik,2010,83,86,290,87,96,90,333,53,179,176,623,140
1233,Ulvik,2011,82,84,289,82,88,95,332,54,170,179,621,136
1233,Ulvik,2012,79,89,297,72,88,101,326,54,167,190,623,126
1233,Ulvik,2013,77,83,297,72,88,105,329,52,165,188,626,124
1233,Ulvik,2014,75,86,292,72,91,95,325,50,166,181,617,122
1234,Granvin,1999,87,86,247,77,109,103,269,54,196,189,516,131
1234,Granvin,2000,84,91,246,79,108,106,267,54,192,197,513,133
1234,Granvin,2001,82,88,245,78,102,109,266,54,184,197,511,132
1234,Granvin,2002,82,92,251,79,109,114,261,56,191,206,512,135
1234,Granvin,2003,83,89,248,76,110,108,266,52,193,197,514,128
1234,Granvin,2004,77,89,251,73,100,99,268,51,177,188,519,124
1234,Granvin,2005,78,89,241,80,90,104,266,51,168,193,507,131
1234,Granvin,2006,76,81,244,73,86,108,262,51,162,189,506,124
1234,Granvin,2007,77,86,242,70,82,107,260,47,159,193,502,117
1234,Granvin,2008,72,89,239,67,75,107,257,48,147,196,496,115
1234,Granvin,2009,65,91,237,65,82,102,257,45,147,193,494,110
1234,Granvin,2010,63,87,243,62,81,101,262,43,144,188,505,105
1234,Granvin,2011,57,92,246,62,83,99,261,39,140,191,507,101
1234,Granvin,2012,52,92,239,63,78,101,259,33,130,193,498,96
1234,Granvin,2013,52,86,232,63,69,104,258,31,121,190,490,94
1234,Granvin,2014,56,88,236,60,63,101,267,33,119,189,503,93
1235,Voss,1999,1208,1286,3503,876,1266,1301,3559,520,2474,2587,7062,1396
1235,Voss,2000,1250,1279,3527,888,1262,1279,3557,535,2512,2558,7084,1423
1235,Voss,2001,1250,1255,3560,879,1252,1265,3629,541,2502,2520,7189,1420
1235,Voss,2002,1234,1223,3553,888,1245,1257,3613,554,2479,2480,7166,1442
1235,Voss,2003,1241,1245,3561,885,1263,1266,3635,560,2504,2511,7196,1445
1235,Voss,2004,1222,1244,3562,890,1266,1248,3629,559,2488,2492,7191,1449
1235,Voss,2005,1257,1211,3599,883,1270,1244,3662,569,2527,2455,7261,1452
1235,Voss,2006,1220,1230,3600,879,1259,1247,3689,573,2479,2477,7289,1452
1235,Voss,2007,1220,1228,3576,897,1236,1264,3649,584,2456,2492,7225,1481
1235,Voss,2008,1198,1206,3579,907,1216,1287,3645,580,2414,2493,7224,1487
1235,Voss,2009,1193,1242,3612,918,1221,1293,3666,572,2414,2535,7278,1490
1235,Voss,2010,1194,1234,3640,912,1218,1302,3698,563,2412,2536,7338,1475
1235,Voss,2011,1186,1239,3669,913,1199,1321,3722,556,2385,2560,7391,1469
1235,Voss,2012,1188,1270,3658,895,1188,1334,3725,552,2376,2604,7383,1447
1235,Voss,2013,1192,1277,3687,876,1208,1338,3775,557,2400,2615,7462,1433
1235,Voss,2014,1159,1286,3714,869,1231,1378,3810,579,2390,2664,7524,1448
1238,Kvam,1999,829,756,2072,560,834,932,2124,368,1663,1688,4196,928
1238,Kvam,2000,822,745,2090,570,844,912,2147,368,1666,1657,4237,938
1238,Kvam,2001,810,756,2101,562,858,914,2135,359,1668,1670,4236,921
1238,Kvam,2002,798,743,2100,557,849,875,2129,361,1647,1618,4229,918
1238,Kvam,2003,800,747,2100,559,828,856,2136,353,1628,1603,4236,912
1238,Kvam,2004,779,737,2104,558,809,829,2140,354,1588,1566,4244,912
1238,Kvam,2005,759,743,2087,553,790,830,2141,342,1549,1573,4228,895
1238,Kvam,2006,725,747,2086,564,775,810,2155,344,1500,1557,4241,908
1238,Kvam,2007,724,716,2085,555,759,843,2132,350,1483,1559,4217,905
1238,Kvam,2008,696,704,2099,544,734,825,2179,335,1430,1529,4278,879
1238,Kvam,2009,696,733,2136,536,740,850,2227,333,1436,1583,4363,869
1238,Kvam,2010,696,742,2148,520,732,841,2276,326,1428,1583,4424,846
1238,Kvam,2011,692,762,2169,522,715,853,2296,324,1407,1615,4465,846
1238,Kvam,2012,704,769,2154,513,736,873,2372,324,1440,1642,4526,837
1238,Kvam,2013,692,768,2159,516,730,877,2435,320,1422,1645,4594,836
1238,Kvam,2014,681,780,2151,524,751,869,2413,323,1432,1649,4564,847
1241,Fusa,1999,312,343,854,242,360,391,945,150,672,734,1799,392
1241,Fusa,2000,326,334,872,243,372,386,961,150,698,720,1833,393
1241,Fusa,2001,327,331,895,235,380,393,971,151,707,724,1866,386
1241,Fusa,2002,317,330,903,232,395,379,977,146,712,709,1880,378
1241,Fusa,2003,330,319,930,225,398,357,1006,148,728,676,1936,373
1241,Fusa,2004,349,312,933,219,384,329,1014,147,733,641,1947,366
1241,Fusa,2005,352,312,928,213,381,315,1017,142,733,627,1945,355
1241,Fusa,2006,364,305,930,225,377,320,1022,146,741,625,1952,371
1241,Fusa,2007,369,304,935,226,374,320,1029,147,743,624,1964,373
1241,Fusa,2008,380,302,935,222,379,324,1032,146,759,626,1967,368
1241,Fusa,2009,383,288,947,219,363,357,1033,158,746,645,1980,377
1241,Fusa,2010,384,299,948,225,369,362,1057,153,753,661,2005,378
1241,Fusa,2011,374,304,952,226,364,357,1083,149,738,661,2035,375
1241,Fusa,2012,368,297,961,228,346,342,1074,148,714,639,2035,376
1241,Fusa,2013,372,292,965,225,362,335,1090,148,734,627,2055,373
1241,Fusa,2014,365,295,975,217,359,333,1107,141,724,628,2082,358
1242,Samnanger,1999,226,212,571,143,205,264,590,87,431,476,1161,230
1242,Samnanger,2000,213,210,566,146,205,242,589,87,418,452,1155,233
1242,Samnanger,2001,217,218,565,147,209,241,596,88,426,459,1161,235
1242,Samnanger,2002,218,231,567,158,211,233,615,86,429,464,1182,244
1242,Samnanger,2003,208,239,568,159,205,231,616,86,413,470,1184,245
1242,Samnanger,2004,192,236,578,152,210,221,634,86,402,457,1212,238
1242,Samnanger,2005,188,237,577,150,207,229,632,84,395,466,1209,234
1242,Samnanger,2006,189,242,582,145,210,223,641,87,399,465,1223,232
1242,Samnanger,2007,181,242,598,136,207,221,651,87,388,463,1249,223
1242,Samnanger,2008,185,229,617,136,222,220,668,87,407,449,1285,223
1242,Samnanger,2009,186,218,612,139,216,216,663,86,402,434,1275,225
1242,Samnanger,2010,196,217,615,135,217,215,661,85,413,432,1276,220
1242,Samnanger,2011,201,213,623,134,219,210,686,84,420,423,1309,218
1242,Samnanger,2012,188,219,628,135,216,219,706,80,404,438,1334,215
1242,Samnanger,2013,187,214,637,131,219,217,720,77,406,431,1357,208
1242,Samnanger,2014,192,215,645,125,212,211,735,74,404,426,1380,199
1243,Os (Hordaland),1999,1430,1455,3422,447,1541,1487,3478,303,2971,2942,6900,750
1243,Os (Hordaland),2000,1453,1454,3457,468,1564,1484,3526,296,3017,2938,6983,764
1243,Os (Hordaland),2001,1459,1414,3519,459,1582,1449,3603,300,3041,2863,7122,759
1243,Os (Hordaland),2002,1458,1417,3570,456,1577,1441,3671,314,3035,2858,7241,770
1243,Os (Hordaland),2003,1490,1434,3657,467,1596,1463,3732,318,3086,2897,7389,785
1243,Os (Hordaland),2004,1504,1453,3749,468,1613,1474,3839,321,3117,2927,7588,789
1243,Os (Hordaland),2005,1508,1448,3841,479,1630,1516,3942,330,3138,2964,7783,809
1243,Os (Hordaland),2006,1518,1501,3941,490,1674,1542,4053,335,3192,3043,7994,825
1243,Os (Hordaland),2007,1545,1530,4030,492,1675,1621,4122,343,3220,3151,8152,835
1243,Os (Hordaland),2008,1566,1589,4151,501,1702,1691,4265,353,3268,3280,8416,854
1243,Os (Hordaland),2009,1606,1588,4268,505,1757,1697,4396,347,3363,3285,8664,852
1243,Os (Hordaland),2010,1669,1592,4358,511,1775,1734,4469,347,3444,3326,8827,858
1243,Os (Hordaland),2011,1733,1655,4479,505,1785,1809,4623,358,3518,3464,9102,863
1243,Os (Hordaland),2012,1790,1690,4604,535,1845,1853,4781,368,3635,3543,9385,903
1243,Os (Hordaland),2013,1825,1714,4726,546,1882,1857,4960,389,3707,3571,9686,935
1243,Os (Hordaland),2014,1871,1753,4882,562,1948,1901,5086,404,3819,3654,9968,966
1244,Austevoll,1999,492,463,973,213,482,488,1070,135,974,951,2043,348
1244,Austevoll,2000,488,450,980,219,476,517,1074,129,964,967,2054,348
1244,Austevoll,2001,492,426,1012,222,493,508,1089,135,985,934,2101,357
1244,Austevoll,2002,498,444,1009,224,489,497,1095,130,987,941,2104,354
1244,Austevoll,2003,488,445,1008,229,504,487,1102,128,992,932,2110,357
1244,Austevoll,2004,473,437,1037,222,510,489,1119,131,983,926,2156,353
1244,Austevoll,2005,464,437,1044,211,498,474,1134,126,962,911,2178,337
1244,Austevoll,2006,463,422,1040,214,482,459,1150,120,945,881,2190,334
1244,Austevoll,2007,439,439,1044,214,472,452,1150,123,911,891,2194,337
1244,Austevoll,2008,429,446,1058,207,463,455,1157,125,892,901,2215,332
1244,Austevoll,2009,415,455,1051,209,464,466,1160,137,879,921,2211,346
1244,Austevoll,2010,415,486,1086,199,472,476,1213,142,887,962,2299,341
1244,Austevoll,2011,432,489,1120,197,489,505,1247,145,921,994,2367,342
1244,Austevoll,2012,453,477,1151,197,482,528,1290,140,935,1005,2441,337
1244,Austevoll,2013,474,464,1164,198,503,502,1326,139,977,966,2490,337
1244,Austevoll,2014,486,466,1184,203,499,495,1381,144,985,961,2565,347
1245,Sund,1999,514,502,1223,212,564,605,1310,130,1078,1107,2533,342
1245,Sund,2000,508,503,1241,216,556,625,1335,128,1064,1128,2576,344
1245,Sund,2001,504,495,1251,220,546,625,1355,131,1050,1120,2606,351
1245,Sund,2002,518,509,1272,215,525,628,1378,133,1043,1137,2650,348
1245,Sund,2003,530,521,1310,206,542,625,1422,127,1072,1146,2732,333
1245,Sund,2004,534,533,1337,209,543,618,1470,121,1077,1151,2807,330
1245,Sund,2005,537,545,1387,200,555,613,1503,121,1092,1158,2890,321
1245,Sund,2006,552,537,1412,194,564,608,1521,122,1116,1145,2933,316
1245,Sund,2007,554,554,1434,190,575,620,1547,125,1129,1174,2981,315
1245,Sund,2008,560,573,1461,197,583,633,1597,119,1143,1206,3058,316
1245,Sund,2009,562,562,1506,189,595,637,1646,124,1157,1199,3152,313
1245,Sund,2010,577,582,1528,194,609,674,1675,138,1186,1256,3203,332
1245,Sund,2011,607,613,1583,201,652,651,1724,133,1259,1264,3307,334
1245,Sund,2012,618,613,1623,198,687,669,1770,141,1305,1282,3393,339
1245,Sund,2013,636,595,1670,189,703,670,1805,140,1339,1265,3475,329
1245,Sund,2014,664,590,1710,189,716,672,1858,145,1380,1262,3568,334
1246,Fjell,1999,2107,1913,4159,459,2157,2021,4426,265,4264,3934,8585,724
1246,Fjell,2000,2176,1882,4322,459,2223,1973,4571,264,4399,3855,8893,723
1246,Fjell,2001,2235,1855,4468,463,2314,1900,4721,272,4549,3755,9189,735
1246,Fjell,2002,2301,1856,4610,469,2401,1877,4828,277,4702,3733,9438,746
1246,Fjell,2003,2379,1872,4736,479,2427,1877,4953,287,4806,3749,9689,766
1246,Fjell,2004,2398,1874,4867,483,2463,1862,5077,297,4861,3736,9944,780
1246,Fjell,2005,2387,1950,5006,498,2499,1887,5204,303,4886,3837,10210,801
1246,Fjell,2006,2412,1958,5164,508,2509,1927,5315,316,4921,3885,10479,824
1246,Fjell,2007,2411,1989,5319,500,2530,1946,5458,344,4941,3935,10777,844
1246,Fjell,2008,2442,2042,5437,506,2540,2027,5584,335,4982,4069,11021,841
1246,Fjell,2009,2461,2046,5533,523,2501,2076,5684,350,4962,4122,11217,873
1246,Fjell,2010,2447,2091,5680,513,2501,2145,5793,359,4948,4236,11473,872
1246,Fjell,2011,2453,2149,5775,525,2446,2251,5954,362,4899,4400,11729,887
1246,Fjell,2012,2436,2232,5919,535,2457,2331,6126,372,4893,4563,12045,907
1246,Fjell,2013,2430,2346,6045,533,2448,2472,6324,373,4878,4818,12369,906
1246,Fjell,2014,2438,2408,6184,559,2443,2550,6539,398,4881,4958,12723,957
1247,Askøy,1999,1924,2055,4827,699,2023,2193,5049,387,3947,4248,9876,1086
1247,Askøy,2000,1997,2050,4922,695,2059,2147,5160,406,4056,4197,10082,1101
1247,Askøy,2001,2055,2029,5076,703,2091,2129,5293,416,4146,4158,10369,1119
1247,Askøy,2002,2112,2033,5222,706,2223,2087,5436,422,4335,4120,10658,1128
1247,Askøy,2003,2209,2039,5356,715,2320,2064,5568,427,4529,4103,10924,1142
1247,Askøy,2004,2254,2072,5513,730,2411,2051,5751,435,4665,4123,11264,1165
1247,Askøy,2005,2319,2038,5696,731,2487,2039,5909,454,4806,4077,11605,1185
1247,Askøy,2006,2392,2039,5845,733,2574,2028,6071,454,4966,4067,11916,1187
1247,Askøy,2007,2455,2080,5991,746,2666,2071,6178,470,5121,4151,12169,1216
1247,Askøy,2008,2524,2153,6141,749,2733,2145,6408,460,5257,4298,12549,1209
1247,Askøy,2009,2591,2240,6314,753,2810,2239,6618,479,5401,4479,12932,1232
1247,Askøy,2010,2646,2281,6486,759,2815,2297,6791,490,5461,4578,13277,1249
1247,Askøy,2011,2711,2320,6690,753,2903,2345,6983,492,5614,4665,13673,1245
1247,Askøy,2012,2790,2381,6788,776,2919,2458,7159,523,5709,4839,13947,1299
1247,Askøy,2013,2827,2416,6998,767,2969,2525,7355,553,5796,4941,14353,1320
1247,Askøy,2014,2906,2470,7148,790,3026,2537,7532,568,5932,5007,14680,1358
1251,Vaksdal,1999,368,345,1069,325,389,352,1126,185,757,697,2195,510
1251,Vaksdal,2000,363,339,1074,317,385,358,1129,184,748,697,2203,501
1251,Vaksdal,2001,372,333,1065,323,381,365,1120,192,753,698,2185,515
1251,Vaksdal,2002,384,328,1057,324,385,359,1119,196,769,687,2176,520
1251,Vaksdal,2003,385,326,1036,326,380,346,1120,195,765,672,2156,521
1251,Vaksdal,2004,374,328,1046,333,383,360,1121,193,757,688,2167,526
1251,Vaksdal,2005,367,339,1038,333,374,372,1096,201,741,711,2134,534
1251,Vaksdal,2006,360,352,1005,336,355,367,1089,209,715,719,2094,545
1251,Vaksdal,2007,357,343,1012,340,358,362,1082,198,715,705,2094,538
1251,Vaksdal,2008,352,361,1009,333,358,368,1074,197,710,729,2083,530
1251,Vaksdal,2009,354,374,1018,319,354,379,1070,199,708,753,2088,518
1251,Vaksdal,2010,345,374,1008,322,339,388,1083,192,684,762,2091,514
1251,Vaksdal,2011,358,376,1025,321,360,388,1096,190,718,764,2121,511
1251,Vaksdal,2012,350,384,1019,318,345,388,1105,186,695,772,2124,504
1251,Vaksdal,2013,356,376,1024,311,334,396,1113,189,690,772,2137,500
1251,Vaksdal,2014,344,380,1027,303,321,383,1145,196,665,763,2172,499
1252,Modalen,1999,40,35,79,17,34,37,89,14,74,72,168,31
1252,Modalen,2000,39,37,80,16,34,38,89,15,73,75,169,31
1252,Modalen,2001,42,38,79,15,30,41,90,16,72,79,169,31
1252,Modalen,2002,39,35,82,13,27,39,88,16,66,74,170,29
1252,Modalen,2003,40,35,83,12,28,46,83,16,68,81,166,28
1252,Modalen,2004,36,41,88,12,30,45,91,16,66,86,179,28
1252,Modalen,2005,40,39,87,13,31,39,90,15,71,78,177,28
1252,Modalen,2006,40,35,87,11,33,38,89,14,73,73,176,25
1252,Modalen,2007,38,35,88,12,35,40,88,14,73,75,176,26
1252,Modalen,2008,38,41,88,11,35,39,91,12,73,80,179,23
1252,Modalen,2009,36,39,89,10,33,37,92,10,69,76,181,20
1252,Modalen,2010,37,36,86,12,29,37,93,9,66,73,179,21
1252,Modalen,2011,43,36,92,15,30,41,99,11,73,77,191,26
1252,Modalen,2012,42,36,94,16,30,37,98,15,72,73,192,31
1252,Modalen,2013,45,32,100,16,33,37,103,14,78,69,203,30
1252,Modalen,2014,45,28,95,17,32,33,104,15,77,61,199,32
1253,Osterøy,1999,774,670,1605,377,766,784,1729,244,1540,1454,3334,621
1253,Osterøy,2000,760,649,1621,379,771,752,1740,251,1531,1401,3361,630
1253,Osterøy,2001,745,663,1624,384,770,742,1776,250,1515,1405,3400,634
1253,Osterøy,2002,756,663,1660,370,788,732,1799,252,1544,1395,3459,622
1253,Osterøy,2003,759,659,1686,374,779,724,1820,250,1538,1383,3506,624
1253,Osterøy,2004,729,680,1714,369,790,706,1854,244,1519,1386,3568,613
1253,Osterøy,2005,728,678,1719,377,775,698,1890,254,1503,1376,3609,631
1253,Osterøy,2006,721,683,1757,378,758,697,1901,259,1479,1380,3658,637
1253,Osterøy,2007,707,656,1772,363,739,693,1922,254,1446,1349,3694,617
1253,Osterøy,2008,703,671,1798,373,747,718,1950,261,1450,1389,3748,634
1253,Osterøy,2009,691,682,1823,365,746,738,1971,265,1437,1420,3794,630
1253,Osterøy,2010,693,687,1828,368,735,752,1998,268,1428,1439,3826,636
1253,Osterøy,2011,693,682,1855,363,744,760,2026,273,1437,1442,3881,636
1253,Osterøy,2012,674,705,1885,340,742,755,2073,270,1416,1460,3958,610
1253,Osterøy,2013,661,763,1926,335,731,774,2107,271,1392,1537,4033,606
1253,Osterøy,2014,680,770,1962,326,732,797,2151,271,1412,1567,4113,597
1256,Meland,1999,622,544,1238,181,626,564,1290,119,1248,1108,2528,300
1256,Meland,2000,627,559,1273,179,637,552,1327,113,1264,1111,2600,292
1256,Meland,2001,636,576,1302,185,657,552,1382,112,1293,1128,2684,297
1256,Meland,2002,649,572,1345,193,669,543,1421,117,1318,1115,2766,310
1256,Meland,2003,661,573,1396,195,672,545,1458,124,1333,1118,2854,319
1256,Meland,2004,666,550,1450,185,678,547,1506,122,1344,1097,2956,307
1256,Meland,2005,664,556,1493,187,673,535,1544,125,1337,1091,3037,312
1256,Meland,2006,672,554,1519,194,664,556,1577,124,1336,1110,3096,318
1256,Meland,2007,665,560,1555,193,668,550,1616,127,1333,1110,3171,320
1256,Meland,2008,685,581,1602,198,681,589,1669,134,1366,1170,3271,332
1256,Meland,2009,696,626,1685,201,698,615,1722,146,1394,1241,3407,347
1256,Meland,2010,708,644,1726,187,740,629,1758,148,1448,1273,3484,335
1256,Meland,2011,727,656,1784,189,762,652,1811,149,1489,1308,3595,338
1256,Meland,2012,737,688,1831,194,782,700,1846,159,1519,1388,3677,353
1256,Meland,2013,749,745,1890,203,812,737,1932,155,1561,1482,3822,358
1256,Meland,2014,768,756,1941,207,848,744,1998,158,1616,1500,3939,365
1259,Øygarden,1999,411,338,831,158,422,350,922,126,833,688,1753,284
1259,Øygarden,2000,399,341,829,169,414,356,939,133,813,697,1768,302
1259,Øygarden,2001,414,333,857,167,414,368,948,132,828,701,1805,299
1259,Øygarden,2002,441,343,883,172,432,375,954,140,873,718,1837,312
1259,Øygarden,2003,444,349,906,175,445,386,992,133,889,735,1898,308
1259,Øygarden,2004,438,368,928,176,439,397,1006,130,877,765,1934,306
1259,Øygarden,2005,440,384,950,185,432,386,1023,128,872,770,1973,313
1259,Øygarden,2006,437,393,974,188,453,399,1042,124,890,792,2016,312
1259,Øygarden,2007,429,397,1011,185,446,423,1073,114,875,820,2084,299
1259,Øygarden,2008,439,392,1050,179,434,410,1093,117,873,802,2143,296
1259,Øygarden,2009,433,399,1063,178,426,422,1113,129,859,821,2176,307
1259,Øygarden,2010,427,395,1078,181,425,433,1132,132,852,828,2210,313
1259,Øygarden,2011,423,405,1091,178,422,437,1164,135,845,842,2255,313
1259,Øygarden,2012,408,413,1138,176,420,456,1213,137,828,869,2351,313
1259,Øygarden,2013,432,427,1168,175,444,462,1260,136,876,889,2428,311
1259,Øygarden,2014,450,426,1199,172,456,478,1313,142,906,904,2512,314
1260,Radøy,1999,454,471,1056,276,448,476,1158,179,902,947,2214,455
1260,Radøy,2000,449,454,1069,288,437,480,1158,194,886,934,2227,482
1260,Radøy,2001,444,438,1082,286,432,468,1173,190,876,906,2255,476
1260,Radøy,2002,445,454,1092,279,447,464,1187,182,892,918,2279,461
1260,Radøy,2003,463,449,1119,271,450,453,1210,180,913,902,2329,451
1260,Radøy,2004,462,433,1143,265,456,457,1234,175,918,890,2377,440
1260,Radøy,2005,459,431,1153,259,459,440,1237,173,918,871,2390,432
1260,Radøy,2006,437,446,1148,249,433,460,1248,166,870,906,2396,415
1260,Radøy,2007,439,440,1169,251,430,464,1257,161,869,904,2426,412
1260,Radøy,2008,442,449,1200,244,449,466,1319,173,891,915,2519,417
1260,Radøy,2009,441,447,1206,239,449,488,1335,159,890,935,2541,398
1260,Radøy,2010,442,435,1230,239,437,462,1377,149,879,897,2607,388
1260,Radøy,2011,441,429,1275,236,441,454,1417,148,882,883,2692,384
1260,Radøy,2012,423,457,1280,232,456,476,1438,148,879,933,2718,380
1260,Radøy,2013,426,438,1296,234,449,486,1456,150,875,924,2752,384
1260,Radøy,2014,446,427,1318,230,458,487,1470,146,904,914,2788,376
1263,Lindås,1999,1163,1330,2997,561,1307,1473,3153,348,2470,2803,6150,909
1263,Lindås,2000,1166,1325,2998,569,1323,1405,3176,364,2489,2730,6174,933
1263,Lindås,2001,1182,1301,3039,565,1323,1382,3222,364,2505,2683,6261,929
1263,Lindås,2002,1206,1289,3091,551,1347,1340,3263,349,2553,2629,6354,900
1263,Lindås,2003,1226,1278,3146,553,1353,1328,3322,359,2579,2606,6468,912
1263,Lindås,2004,1242,1281,3191,553,1348,1322,3430,355,2590,2603,6621,908
1263,Lindås,2005,1281,1242,3270,559,1353,1328,3476,358,2634,2570,6746,917
1263,Lindås,2006,1317,1252,3362,561,1355,1353,3548,357,2672,2605,6910,918
1263,Lindås,2007,1356,1263,3451,557,1378,1371,3643,368,2734,2634,7094,925
1263,Lindås,2008,1381,1224,3522,558,1402,1387,3763,376,2783,2611,7285,934
1263,Lindås,2009,1375,1222,3613,559,1411,1386,3896,379,2786,2608,7509,938
1263,Lindås,2010,1382,1255,3674,563,1425,1390,4002,389,2807,2645,7676,952
1263,Lindås,2011,1404,1310,3737,556,1430,1393,4078,394,2834,2703,7815,950
1263,Lindås,2012,1430,1276,3829,553,1487,1403,4111,403,2917,2679,7940,956
1263,Lindås,2013,1427,1304,3899,549,1476,1404,4156,414,2903,2708,8055,963
1263,Lindås,2014,1449,1348,3966,559,1451,1447,4224,433,2900,2795,8190,992
1264,Austrheim,1999,239,246,623,124,243,276,693,72,482,522,1316,196
1264,Austrheim,2000,242,233,627,124,246,254,699,71,488,487,1326,195
1264,Austrheim,2001,243,213,639,129,241,247,712,70,484,460,1351,199
1264,Austrheim,2002,245,213,639,125,239,240,710,74,484,453,1349,199
1264,Austrheim,2003,235,229,633,120,242,238,713,74,477,467,1346,194
1264,Austrheim,2004,237,238,637,115,245,252,709,76,482,490,1346,191
1264,Austrheim,2005,236,232,638,115,247,248,708,78,483,480,1346,193
1264,Austrheim,2006,225,215,647,108,244,236,712,77,469,451,1359,185
1264,Austrheim,2007,220,212,669,107,238,235,732,73,458,447,1401,180
1264,Austrheim,2008,225,213,689,113,247,224,770,70,472,437,1459,183
1264,Austrheim,2009,221,219,684,115,234,234,779,72,455,453,1463,187
1264,Austrheim,2010,222,234,709,116,230,263,856,77,452,497,1565,193
1264,Austrheim,2011,225,239,722,118,246,254,880,74,471,493,1602,192
1264,Austrheim,2012,225,238,737,117,233,263,870,72,458,501,1607,189
1264,Austrheim,2013,227,250,750,108,241,264,885,72,468,514,1635,180
1264,Austrheim,2014,229,246,764,107,247,256,876,81,476,502,1640,188
1265,Fedje,1999,58,57,163,52,54,64,180,31,112,121,343,83
1265,Fedje,2000,61,54,168,50,61,62,188,33,122,116,356,83
1265,Fedje,2001,62,63,163,49,59,61,190,31,121,124,353,80
1265,Fedje,2002,65,61,160,52,56,64,188,33,121,125,348,85
1265,Fedje,2003,62,58,161,53,57,60,186,30,119,118,347,83
1265,Fedje,2004,57,56,162,50,55,57,181,30,112,113,343,80
1265,Fedje,2005,65,54,159,50,58,56,179,31,123,110,338,81
1265,Fedje,2006,61,58,153,52,53,56,172,29,114,114,325,81
1265,Fedje,2007,53,51,154,52,50,56,164,32,103,107,318,84
1265,Fedje,2008,54,47,147,49,49,54,160,32,103,101,307,81
1265,Fedje,2009,57,45,141,53,50,52,162,33,107,97,303,86
1265,Fedje,2010,58,38,150,51,49,51,160,33,107,89,310,84
1265,Fedje,2011,52,36,152,53,45,54,156,34,97,90,308,87
1265,Fedje,2012,51,42,148,52,43,43,160,34,94,85,308,86
1265,Fedje,2013,55,41,147,46,42,43,159,31,97,84,306,77
1265,Fedje,2014,57,38,151,43,35,47,159,28,92,85,310,71
1266,Masfjorden,1999,183,161,415,115,186,157,455,88,369,318,870,203
1266,Masfjorden,2000,180,161,417,110,184,156,453,90,364,317,870,200
1266,Masfjorden,2001,188,160,424,104,179,158,447,83,367,318,871,187
1266,Masfjorden,2002,182,162,427,101,175,163,452,83,357,325,879,184
1266,Masfjorden,2003,181,153,431,99,163,164,452,84,344,317,883,183
1266,Masfjorden,2004,165,141,440,97,155,161,450,85,320,302,890,182
1266,Masfjorden,2005,151,144,436,99,149,161,453,83,300,305,889,182
1266,Masfjorden,2006,154,146,433,102,147,160,454,84,301,306,887,186
1266,Masfjorden,2007,134,143,415,105,138,153,447,82,272,296,862,187
1266,Masfjorden,2008,132,143,420,105,147,163,432,88,279,306,852,193
1266,Masfjorden,2009,135,150,417,112,150,156,431,87,285,306,848,199
1266,Masfjorden,2010,128,147,413,116,143,156,430,83,271,303,843,199
1266,Masfjorden,2011,127,158,420,119,155,155,441,85,282,313,861,204
1266,Masfjorden,2012,124,162,422,114,144,166,453,82,268,328,875,196
1266,Masfjorden,2013,127,151,429,111,148,169,463,80,275,320,892,191
1266,Masfjorden,2014,134,148,425,118,142,163,461,87,276,311,886,205
1401,Flora,1999,1123,1173,2578,436,1238,1210,2901,293,2361,2383,5479,729
1401,Flora,2000,1148,1149,2628,446,1242,1198,2930,304,2390,2347,5558,750
1401,Flora,2001,1136,1148,2664,446,1282,1173,2987,304,2418,2321,5651,750
1401,Flora,2002,1154,1103,2697,436,1294,1126,3051,306,2448,2229,5748,742
1401,Flora,2003,1154,1083,2745,437,1305,1108,3110,298,2459,2191,5855,735
1401,Flora,2004,1149,1074,2780,438,1272,1104,3053,299,2421,2178,5833,737
1401,Flora,2005,1130,1076,2805,448,1292,1100,3083,291,2422,2176,5888,739
1401,Flora,2006,1111,1080,2842,466,1278,1084,3105,304,2389,2164,5947,770
1401,Flora,2007,1110,1042,2859,466,1231,1102,3079,313,2341,2144,5938,779
1401,Flora,2008,1142,1058,2865,459,1217,1128,3088,305,2359,2186,5953,764
1401,Flora,2009,1144,1037,2881,462,1183,1150,3114,318,2327,2187,5995,780
1401,Flora,2010,1122,1037,2918,455,1170,1217,3214,312,2292,2254,6132,767
1401,Flora,2011,1111,1064,2936,451,1134,1233,3195,313,2245,2297,6131,764
1401,Flora,2012,1084,1102,2959,447,1137,1248,3222,312,2221,2350,6181,759
1401,Flora,2013,1089,1118,2982,443,1132,1232,3256,311,2221,2350,6238,754
1401,Flora,2014,1083,1137,3019,446,1117,1256,3290,313,2200,2393,6309,759
1411,Gulen,1999,231,234,561,196,252,234,645,117,483,468,1206,313
1411,Gulen,2000,242,226,558,190,259,228,652,114,501,454,1210,304
1411,Gulen,2001,238,217,566,185,248,237,641,111,486,454,1207,296
1411,Gulen,2002,241,218,570,186,255,233,631,114,496,451,1201,300
1411,Gulen,2003,242,203,579,176,239,242,641,104,481,445,1220,280
1411,Gulen,2004,258,204,587,161,233,229,651,106,491,433,1238,267
1411,Gulen,2005,248,204,605,157,241,212,660,102,489,416,1265,259
1411,Gulen,2006,243,199,602,154,228,218,657,96,471,417,1259,250
1411,Gulen,2007,236,190,608,158,218,228,658,92,454,418,1266,250
1411,Gulen,2008,221,194,591,155,213,221,650,90,434,415,1241,245
1411,Gulen,2009,218,188,573,152,192,225,630,91,410,413,1203,243
1411,Gulen,2010,202,202,588,148,191,221,644,88,393,423,1232,236
1411,Gulen,2011,201,204,591,149,182,226,650,85,383,430,1241,234
1411,Gulen,2012,195,211,594,149,178,221,654,83,373,432,1248,232
1411,Gulen,2013,192,215,598,149,179,211,656,89,371,426,1254,238
1411,Gulen,2014,179,225,608,144,175,210,656,95,354,435,1264,239
1412,Solund,1999,75,73,229,74,103,99,260,64,178,172,489,138
1412,Solund,2000,67,77,229,68,101,97,256,58,168,174,485,126
1412,Solund,2001,67,70,222,70,91,98,257,53,158,168,479,123
1412,Solund,2002,66,65,227,65,84,101,254,52,150,166,481,117
1412,Solund,2003,68,65,217,64,82,92,252,53,150,157,469,117
1412,Solund,2004,73,65,217,63,80,100,247,49,153,165,464,112
1412,Solund,2005,62,62,217,61,71,94,255,45,133,156,472,106
1412,Solund,2006,68,61,216,66,67,99,248,46,135,160,464,112
1412,Solund,2007,70,54,215,68,64,93,252,44,134,147,467,112
1412,Solund,2008,71,60,224,60,63,90,254,43,134,150,478,103
1412,Solund,2009,72,58,224,57,66,87,263,41,138,145,487,98
1412,Solund,2010,70,61,226,54,65,84,266,36,135,145,492,90
1412,Solund,2011,61,66,224,52,67,76,269,39,128,142,493,91
1412,Solund,2012,64,63,224,49,62,74,271,39,126,137,495,88
1412,Solund,2013,57,59,228,51,58,75,266,40,115,134,494,91
1412,Solund,2014,59,56,225,48,52,68,263,41,111,124,488,89
1413,Hyllestad,1999,130,130,371,113,152,154,423,95,282,284,794,208
1413,Hyllestad,2000,123,129,371,106,152,148,417,87,275,277,788,193
1413,Hyllestad,2001,137,132,371,103,157,143,414,82,294,275,785,185
1413,Hyllestad,2002,137,117,376,95,150,143,417,77,287,260,793,172
1413,Hyllestad,2003,137,113,389,89,151,140,424,73,288,253,813,162
1413,Hyllestad,2004,141,108,389,86,149,153,442,68,290,261,831,154
1413,Hyllestad,2005,143,101,387,91,138,146,439,67,281,247,826,158
1413,Hyllestad,2006,140,92,387,92,143,133,441,59,283,225,828,151
1413,Hyllestad,2007,140,97,385,90,139,135,437,60,279,232,822,150
1413,Hyllestad,2008,145,100,388,85,129,143,443,58,274,243,831,143
1413,Hyllestad,2009,138,93,387,87,124,139,438,57,262,232,825,144
1413,Hyllestad,2010,130,92,389,89,123,142,472,55,253,234,861,144
1413,Hyllestad,2011,126,94,386,89,120,134,468,59,246,228,854,148
1413,Hyllestad,2012,120,91,382,94,113,129,465,58,233,220,847,152
1413,Hyllestad,2013,119,94,383,88,103,119,456,59,222,213,839,147
1413,Hyllestad,2014,106,90,379,86,95,125,441,57,201,215,820,143
1416,Høyanger,1999,406,451,1076,345,461,423,1253,219,867,874,2329,564
1416,Høyanger,2000,405,445,1079,333,474,399,1274,209,879,844,2353,542
1416,Høyanger,2001,418,437,1091,328,453,384,1272,204,871,821,2363,532
1416,Høyanger,2002,431,403,1112,320,449,376,1282,205,880,779,2394,525
1416,Høyanger,2003,429,373,1119,308,453,370,1271,193,882,743,2390,501
1416,Høyanger,2004,423,379,1110,312,448,355,1265,197,871,734,2375,509
1416,Høyanger,2005,423,375,1109,300,459,358,1242,194,882,733,2351,494
1416,Høyanger,2006,401,380,1109,287,436,352,1234,193,837,732,2343,480
1416,Høyanger,2007,393,375,1106,289,431,356,1240,191,824,731,2346,480
1416,Høyanger,2008,389,352,1109,278,415,349,1241,195,804,701,2350,473
1416,Høyanger,2009,392,351,1101,273,404,369,1223,183,796,720,2324,456
1416,Høyanger,2010,368,339,1095,267,381,381,1207,179,749,720,2302,446
1416,Høyanger,2011,364,357,1093,261,365,397,1216,178,729,754,2309,439
1416,Høyanger,2012,362,350,1087,264,357,390,1195,168,719,740,2282,432
1416,Høyanger,2013,363,340,1098,262,349,406,1186,177,712,746,2284,439
1416,Høyanger,2014,363,336,1085,256,342,405,1192,170,705,741,2277,426
1417,Vik,1999,292,235,725,233,262,270,780,154,554,505,1505,387
1417,Vik,2000,286,230,727,228,270,275,771,152,556,505,1498,380
1417,Vik,2001,279,221,719,233,254,275,774,154,533,496,1493,387
1417,Vik,2002,275,225,719,232,244,267,770,159,519,492,1489,391
1417,Vik,2003,255,244,715,227,229,280,762,159,484,524,1477,386
1417,Vik,2004,259,243,719,224,238,278,745,166,497,521,1464,390
1417,Vik,2005,258,236,707,224,235,279,742,168,493,515,1449,392
1417,Vik,2006,263,227,708,214,231,267,742,168,494,494,1450,382
1417,Vik,2007,236,240,708,219,223,264,745,164,459,504,1453,383
1417,Vik,2008,233,231,708,227,231,242,742,162,464,473,1450,389
1417,Vik,2009,231,231,698,229,232,238,744,152,463,469,1442,381
1417,Vik,2010,217,242,686,220,238,231,746,159,455,473,1432,379
1417,Vik,2011,206,244,687,226,231,237,742,151,437,481,1429,377
1417,Vik,2012,198,249,688,224,233,248,735,154,431,497,1423,378
1417,Vik,2013,196,241,691,220,228,237,746,141,424,478,1437,361
1417,Vik,2014,200,237,685,213,219,233,743,136,419,470,1428,349
1418,Balestrand,1999,169,182,418,149,187,166,431,84,356,348,849,233
1418,Balestrand,2000,152,144,351,121,166,135,364,54,318,279,715,175
1418,Balestrand,2001,150,156,353,117,167,132,388,50,317,288,741,167
1418,Balestrand,2002,138,153,363,109,158,131,382,54,296,284,745,163
1418,Balestrand,2003,146,137,368,103,158,124,393,55,304,261,761,158
1418,Balestrand,2004,150,122,368,94,160,114,379,59,310,236,747,153
1418,Balestrand,2005,138,126,357,93,155,118,371,55,293,244,728,148
1418,Balestrand,2006,133,121,359,91,148,122,368,48,281,243,727,139
1418,Balestrand,2007,129,128,357,96,144,122,366,50,273,250,723,146
1418,Balestrand,2008,120,124,352,92,139,115,362,48,259,239,714,140
1418,Balestrand,2009,113,122,345,90,127,122,358,52,240,244,703,142
1418,Balestrand,2010,116,122,349,88,121,126,365,51,237,248,714,139
1418,Balestrand,2011,102,130,354,82,110,126,375,48,212,256,729,130
1418,Balestrand,2012,103,130,362,78,114,119,378,42,217,249,740,120
1418,Balestrand,2013,98,128,368,74,109,126,381,42,207,254,749,116
1418,Balestrand,2014,96,123,361,78,101,125,369,42,197,248,730,120
1419,Leikanger,1999,194,208,571,127,219,204,573,80,413,412,1144,207
1419,Leikanger,2000,193,213,570,123,214,193,568,82,407,406,1138,205
1419,Leikanger,2001,196,208,577,118,214,196,572,81,410,404,1149,199
1419,Leikanger,2002,199,186,578,124,211,198,581,82,410,384,1159,206
1419,Leikanger,2003,198,193,567,132,212,211,570,79,410,404,1137,211
1419,Leikanger,2004,194,201,569,124,217,209,576,75,411,410,1145,199
1419,Leikanger,2005,202,200,578,129,214,218,581,67,416,418,1159,196
1419,Leikanger,2006,193,200,581,123,213,222,567,71,406,422,1148,194
1419,Leikanger,2007,193,200,580,122,219,219,570,68,412,419,1150,190
1419,Leikanger,2008,195,203,576,122,221,198,574,67,416,401,1150,189
1419,Leikanger,2009,194,194,578,122,215,176,588,68,409,370,1166,190
1419,Leikanger,2010,194,203,590,117,206,189,583,73,400,392,1173,190
1419,Leikanger,2011,206,206,605,114,200,202,594,73,406,408,1199,187
1419,Leikanger,2012,209,206,599,114,204,208,597,74,413,414,1196,188
1419,Leikanger,2013,206,218,611,108,219,199,599,72,425,417,1210,180
1419,Leikanger,2014,213,205,624,106,219,191,609,73,432,396,1233,179
1420,Sogndal,1999,596,643,1558,279,643,746,1574,150,1239,1389,3132,429
1420,Sogndal,2000,632,668,1649,314,685,759,1675,179,1317,1427,3324,493
1420,Sogndal,2001,617,652,1676,307,679,750,1685,180,1296,1402,3361,487
1420,Sogndal,2002,622,616,1689,301,679,717,1711,176,1301,1333,3400,477
1420,Sogndal,2003,656,603,1714,304,674,722,1738,178,1330,1325,3452,482
1420,Sogndal,2004,657,605,1716,297,689,721,1736,181,1346,1326,3452,478
1420,Sogndal,2005,675,624,1735,310,686,724,1770,181,1361,1348,3505,491
1420,Sogndal,2006,685,611,1753,305,670,725,1803,185,1355,1336,3556,490
1420,Sogndal,2007,666,632,1744,323,647,720,1813,190,1313,1352,3557,513
1420,Sogndal,2008,651,667,1759,326,676,724,1806,202,1327,1391,3565,528
1420,Sogndal,2009,638,695,1769,334,663,743,1824,201,1301,1438,3593,535
1420,Sogndal,2010,635,694,1805,332,665,776,1848,190,1300,1470,3653,522
1420,Sogndal,2011,643,740,1830,322,675,782,1907,181,1318,1522,3737,503
1420,Sogndal,2012,642,767,1864,326,695,835,1953,193,1337,1602,3817,519
1420,Sogndal,2013,637,812,1903,317,677,852,1989,202,1314,1664,3892,519
1420,Sogndal,2014,633,859,1929,323,662,880,2030,212,1295,1739,3959,535
1421,Aurland,1999,160,167,456,112,190,155,489,76,350,322,945,188
1421,Aurland,2000,161,169,464,108,181,156,492,74,342,325,956,182
1421,Aurland,2001,164,161,468,109,187,154,486,75,351,315,954,184
1421,Aurland,2002,156,158,468,100,194,153,485,77,350,311,953,177
1421,Aurland,2003,158,142,466,96,176,163,485,73,334,305,951,169
1421,Aurland,2004,163,140,473,96,177,168,492,75,340,308,965,171
1421,Aurland,2005,153,149,466,97,163,173,477,79,316,322,943,176
1421,Aurland,2006,147,136,459,99,156,170,471,77,303,306,930,176
1421,Aurland,2007,146,142,450,100,149,168,470,71,295,310,920,171
1421,Aurland,2008,145,144,438,105,133,170,472,69,278,314,910,174
1421,Aurland,2009,139,147,440,102,134,167,476,66,273,314,916,168
1421,Aurland,2010,137,154,441,100,133,160,474,67,270,314,915,167
1421,Aurland,2011,139,148,450,98,130,170,464,74,269,318,914,172
1421,Aurland,2012,129,158,456,95,130,179,482,69,259,337,938,164
1421,Aurland,2013,131,156,462,97,120,182,479,77,251,338,941,174
1421,Aurland,2014,129,153,462,101,119,176,486,77,248,329,948,178
1422,Lærdal,1999,196,180,554,165,222,215,561,89,418,395,1115,254
1422,Lærdal,2000,202,186,552,161,222,202,571,82,424,388,1123,243
1422,Lærdal,2001,194,194,557,156,230,197,569,84,424,391,1126,240
1422,Lærdal,2002,182,180,565,152,224,191,575,85,406,371,1140,237
1422,Lærdal,2003,181,175,568,148,230,191,579,82,411,366,1147,230
1422,Lærdal,2004,175,181,563,149,231,186,586,75,406,367,1149,224
1422,Lærdal,2005,176,179,559,156,226,181,586,73,402,360,1145,229
1422,Lærdal,2006,185,180,553,152,212,192,589,73,397,372,1142,225
1422,Lærdal,2007,181,179,561,146,215,186,594,71,396,365,1155,217
1422,Lærdal,2008,174,173,559,150,210,190,618,67,384,363,1177,217
1422,Lærdal,2009,182,168,566,156,207,201,619,70,389,369,1185,226
1422,Lærdal,2010,183,171,568,148,203,203,629,75,386,374,1197,223
1422,Lærdal,2011,177,194,578,142,203,205,627,75,380,399,1205,217
1422,Lærdal,2012,174,199,575,136,194,205,628,76,368,404,1203,212
1422,Lærdal,2013,165,186,578,128,185,205,631,79,350,391,1209,207
1422,Lærdal,2014,154,184,583,132,183,211,637,76,337,395,1220,208
1424,Årdal,1999,483,525,1555,258,503,559,1672,173,986,1084,3227,431
1424,Årdal,2000,483,512,1560,265,514,525,1686,184,997,1037,3246,449
1424,Årdal,2001,472,487,1554,275,522,505,1689,192,994,992,3243,467
1424,Årdal,2002,463,471,1548,279,514,495,1680,194,977,966,3228,473
1424,Årdal,2003,463,459,1540,290,507,490,1671,196,970,949,3211,486
1424,Årdal,2004,456,444,1547,286,499,501,1645,204,955,945,3192,490
1424,Årdal,2005,461,448,1549,295,490,488,1628,225,951,936,3177,520
1424,Årdal,2006,443,445,1535,294,475,474,1598,220,918,919,3133,514
1424,Årdal,2007,433,451,1516,305,481,464,1566,226,914,915,3082,531
1424,Årdal,2008,436,465,1508,318,480,490,1586,229,916,955,3094,547
1424,Årdal,2009,418,485,1483,330,479,494,1627,236,897,979,3110,566
1424,Årdal,2010,388,500,1491,341,473,505,1657,238,861,1005,3148,579
1424,Årdal,2011,391,481,1482,348,446,506,1648,237,837,987,3130,585
1424,Årdal,2012,380,470,1467,356,438,508,1654,239,818,978,3121,595
1424,Årdal,2013,373,461,1455,359,430,499,1639,235,803,960,3094,594
1424,Årdal,2014,380,447,1445,355,412,545,1635,235,792,992,3080,590
1426,Luster,1999,505,435,1177,374,516,444,1298,221,1021,879,2475,595
1426,Luster,2000,505,424,1187,359,510,448,1292,215,1015,872,2479,574
1426,Luster,2001,495,408,1178,359,502,436,1295,212,997,844,2473,571
1426,Luster,2002,501,421,1195,347,509,431,1298,212,1010,852,2493,559
1426,Luster,2003,479,407,1202,334,509,441,1304,200,988,848,2506,534
1426,Luster,2004,463,420,1215,321,495,448,1302,198,958,868,2517,519
1426,Luster,2005,471,417,1218,321,483,457,1307,196,954,874,2525,517
1426,Luster,2006,454,421,1213,313,478,449,1314,189,932,870,2527,502
1426,Luster,2007,437,430,1221,314,474,447,1321,190,911,877,2542,504
1426,Luster,2008,432,419,1229,314,470,450,1315,186,902,869,2544,500
1426,Luster,2009,428,424,1224,315,477,435,1315,196,905,859,2539,511
1426,Luster,2010,439,456,1237,302,480,453,1332,198,919,909,2569,500
1426,Luster,2011,438,468,1271,299,475,476,1340,207,913,944,2611,506
1426,Luster,2012,423,486,1276,292,469,468,1349,210,892,954,2625,502
1426,Luster,2013,410,490,1295,270,468,463,1372,215,878,953,2667,485
1426,Luster,2014,416,484,1312,268,483,464,1387,215,899,948,2699,483
1428,Askvoll,1999,326,291,835,227,325,315,894,145,651,606,1729,372
1428,Askvoll,2000,317,279,835,218,311,321,885,148,628,600,1720,366
1428,Askvoll,2001,318,279,833,224,316,325,894,148,634,604,1727,372
1428,Askvoll,2002,322,260,826,232,321,305,888,148,643,565,1714,380
1428,Askvoll,2003,316,267,817,237,305,297,897,140,621,564,1714,377
1428,Askvoll,2004,313,247,826,231,284,294,898,139,597,541,1724,370
1428,Askvoll,2005,311,251,821,226,270,300,891,131,581,551,1712,357
1428,Askvoll,2006,294,255,813,217,269,285,886,139,563,540,1699,356
1428,Askvoll,2007,281,255,798,215,263,291,879,135,544,546,1677,350
1428,Askvoll,2008,267,247,785,204,253,282,868,133,520,529,1653,337
1428,Askvoll,2009,240,259,785,202,247,282,852,141,487,541,1637,343
1428,Askvoll,2010,225,254,780,199,249,278,842,140,474,532,1622,339
1428,Askvoll,2011,235,265,782,196,260,262,845,139,495,527,1627,335
1428,Askvoll,2012,227,268,791,202,245,254,839,154,472,522,1630,356
1428,Askvoll,2013,236,255,777,215,237,261,840,166,473,516,1617,381
1428,Askvoll,2014,240,250,776,213,236,259,848,167,476,509,1624,380
1429,Fjaler,1999,251,328,692,172,265,354,775,135,516,682,1467,307
1429,Fjaler,2000,238,330,691,170,254,355,770,130,492,685,1461,300
1429,Fjaler,2001,240,324,681,176,262,331,772,128,502,655,1453,304
1429,Fjaler,2002,236,321,669,179,256,333,782,129,492,654,1451,308
1429,Fjaler,2003,236,316,679,176,260,318,787,128,496,634,1466,304
1429,Fjaler,2004,227,323,667,171,259,316,788,125,486,639,1455,296
1429,Fjaler,2005,228,332,671,169,260,314,790,123,488,646,1461,292
1429,Fjaler,2006,225,325,668,176,247,303,788,118,472,628,1456,294
1429,Fjaler,2007,228,324,651,186,235,318,785,116,463,642,1436,302
1429,Fjaler,2008,230,316,660,181,226,319,787,114,456,635,1447,295
1429,Fjaler,2009,217,320,658,182,210,338,767,122,427,658,1425,304
1429,Fjaler,2010,223,341,664,179,201,327,762,127,424,668,1426,306
1429,Fjaler,2011,215,350,678,177,212,347,763,129,427,697,1441,306
1429,Fjaler,2012,223,317,663,176,214,315,769,127,437,632,1432,303
1429,Fjaler,2013,230,334,671,169,210,325,772,123,440,659,1443,292
1429,Fjaler,2014,240,317,669,169,231,315,768,115,471,632,1437,284
1430,Gaular,1999,293,268,672,164,287,312,736,149,580,580,1408,313
1430,Gaular,2000,292,254,665,171,292,304,733,140,584,558,1398,311
1430,Gaular,2001,283,250,659,169,297,305,729,133,580,555,1388,302
1430,Gaular,2002,264,251,662,164,295,299,729,133,559,550,1391,297
1430,Gaular,2003,253,247,658,160,298,293,737,124,551,540,1395,284
1430,Gaular,2004,258,248,653,170,290,271,735,119,548,519,1388,289
1430,Gaular,2005,255,241,652,171,280,258,741,122,535,499,1393,293
1430,Gaular,2006,248,238,661,166,278,269,746,127,526,507,1407,293
1430,Gaular,2007,245,240,655,162,275,253,740,126,520,493,1395,288
1430,Gaular,2008,238,257,659,169,270,259,746,118,508,516,1405,287
1430,Gaular,2009,246,255,671,164,275,263,741,117,521,518,1412,281
1430,Gaular,2010,236,251,684,167,276,268,754,110,512,519,1438,277
1430,Gaular,2011,233,262,687,160,272,275,768,108,505,537,1455,268
1430,Gaular,2012,235,286,702,153,281,260,790,102,516,546,1492,255
1430,Gaular,2013,252,274,714,157,300,274,813,103,552,548,1527,260
1430,Gaular,2014,255,261,721,158,299,271,823,104,554,532,1544,262
1431,Jølster,1999,296,290,681,178,274,303,727,130,570,593,1408,308
1431,Jølster,2000,310,282,697,176,282,304,737,124,592,586,1434,300
1431,Jølster,2001,309,277,700,171,298,304,737,124,607,581,1437,295
1431,Jølster,2002,308,266,715,171,306,300,748,129,614,566,1463,300
1431,Jølster,2003,303,263,712,175,314,286,760,123,617,549,1472,298
1431,Jølster,2004,300,249,708,176,312,273,753,115,612,522,1461,291
1431,Jølster,2005,293,250,723,177,314,272,748,106,607,522,1471,283
1431,Jølster,2006,290,253,719,179,308,267,743,115,598,520,1462,294
1431,Jølster,2007,291,258,722,173,303,285,749,116,594,543,1471,289
1431,Jølster,2008,281,263,724,166,302,274,756,116,583,537,1480,282
1431,Jølster,2009,278,274,732,162,316,271,780,104,594,545,1512,266
1431,Jølster,2010,277,276,748,163,315,275,779,102,592,551,1527,265
1431,Jølster,2011,277,281,754,166,326,278,797,106,603,559,1551,272
1431,Jølster,2012,269,282,767,164,328,285,811,104,597,567,1578,268
1431,Jølster,2013,265,287,778,153,340,291,821,103,605,578,1599,256
1431,Jølster,2014,264,279,776,143,338,298,831,110,602,577,1607,253
1432,Førde,1999,1131,1187,2530,284,1244,1158,2460,208,2375,2345,4990,492
1432,Førde,2000,1159,1148,2594,290,1246,1146,2516,214,2405,2294,5110,504
1432,Førde,2001,1146,1141,2663,289,1248,1171,2567,211,2394,2312,5230,500
1432,Førde,2002,1172,1152,2702,299,1272,1162,2636,201,2444,2314,5338,500
1432,Førde,2003,1169,1144,2778,296,1286,1151,2713,190,2455,2295,5491,486
1432,Førde,2004,1181,1183,2805,312,1286,1189,2761,210,2467,2372,5566,522
1432,Førde,2005,1212,1172,2863,318,1252,1170,2785,203,2464,2342,5648,521
1432,Førde,2006,1203,1189,2907,325,1260,1228,2832,209,2463,2417,5739,534
1432,Førde,2007,1188,1220,2924,339,1268,1250,2879,215,2456,2470,5803,554
1432,Førde,2008,1180,1249,2973,352,1277,1274,2940,211,2457,2523,5913,563
1432,Førde,2009,1182,1277,3051,344,1296,1280,2993,223,2478,2557,6044,567
1432,Førde,2010,1198,1304,3117,340,1314,1302,3033,231,2512,2606,6150,571
1432,Førde,2011,1197,1325,3168,348,1339,1335,3065,238,2536,2660,6233,586
1432,Førde,2012,1200,1273,3221,361,1325,1348,3153,240,2525,2621,6374,601
1432,Førde,2013,1219,1315,3266,382,1336,1403,3218,248,2555,2718,6484,630
1432,Førde,2014,1207,1343,3311,392,1336,1397,3262,269,2543,2740,6573,661
1433,Naustdal,1999,243,291,609,139,287,304,688,90,530,595,1297,229
1433,Naustdal,2000,251,291,623,129,295,314,701,90,546,605,1324,219
1433,Naustdal,2001,250,284,640,127,301,306,701,92,551,590,1341,219
1433,Naustdal,2002,244,279,650,125,302,301,712,102,546,580,1362,227
1433,Naustdal,2003,249,269,650,128,292,294,715,105,541,563,1365,233
1433,Naustdal,2004,243,251,656,129,282,283,720,99,525,534,1376,228
1433,Naustdal,2005,232,240,659,122,286,277,724,103,518,517,1383,225
1433,Naustdal,2006,241,248,666,120,285,271,725,106,526,519,1391,226
1433,Naustdal,2007,235,243,660,113,283,254,730,102,518,497,1390,215
1433,Naustdal,2008,238,237,669,117,283,261,727,106,521,498,1396,223
1433,Naustdal,2009,237,232,676,118,275,266,723,102,512,498,1399,220
1433,Naustdal,2010,219,243,677,123,277,273,732,98,496,516,1409,221
1433,Naustdal,2011,224,248,674,121,269,268,747,101,493,516,1421,222
1433,Naustdal,2012,224,247,679,125,275,271,754,99,499,518,1433,224
1433,Naustdal,2013,225,246,680,126,268,280,757,106,493,526,1437,232
1433,Naustdal,2014,227,242,703,127,276,283,774,107,503,525,1477,234
1438,Bremanger,1999,317,378,1012,259,385,437,1131,198,702,815,2143,457
1438,Bremanger,2000,325,383,1011,258,406,408,1131,193,731,791,2142,451
1438,Bremanger,2001,333,353,1023,250,412,407,1125,189,745,760,2148,439
1438,Bremanger,2002,328,339,1014,265,406,387,1124,183,734,726,2138,448
1438,Bremanger,2003,338,315,1016,267,401,394,1116,185,739,709,2132,452
1438,Bremanger,2004,345,303,1016,273,394,386,1120,182,739,689,2136,455
1438,Bremanger,2005,343,295,1018,268,384,368,1121,182,727,663,2139,450
1438,Bremanger,2006,333,296,1002,277,388,351,1102,183,721,647,2104,460
1438,Bremanger,2007,323,290,994,282,391,333,1094,188,714,623,2088,470
1438,Bremanger,2008,319,282,993,285,376,329,1074,192,695,611,2067,477
1438,Bremanger,2009,328,276,986,295,375,339,1081,188,703,615,2067,483
1438,Bremanger,2010,325,290,974,303,358,346,1090,192,683,636,2064,495
1438,Bremanger,2011,319,292,983,300,340,354,1085,190,659,646,2068,490
1438,Bremanger,2012,324,300,970,295,339,351,1078,203,663,651,2048,498
1438,Bremanger,2013,322,307,975,293,334,375,1107,198,656,682,2082,491
1438,Bremanger,2014,326,308,983,289,325,379,1100,200,651,687,2083,489
1439,Vågsøy,1999,564,665,1601,363,655,683,1699,200,1219,1348,3300,563
1439,Vågsøy,2000,564,656,1606,373,634,679,1681,202,1198,1335,3287,575
1439,Vågsøy,2001,556,604,1612,375,629,654,1684,217,1185,1258,3296,592
1439,Vågsøy,2002,559,575,1610,373,641,645,1687,219,1200,1220,3297,592
1439,Vågsøy,2003,554,575,1600,383,643,619,1688,210,1197,1194,3288,593
1439,Vågsøy,2004,545,570,1584,391,630,599,1676,218,1175,1169,3260,609
1439,Vågsøy,2005,529,553,1580,388,610,588,1658,226,1139,1141,3238,614
1439,Vågsøy,2006,518,526,1573,390,614,554,1653,224,1132,1080,3226,614
1439,Vågsøy,2007,512,513,1557,401,590,545,1642,232,1102,1058,3199,633
1439,Vågsøy,2008,502,501,1544,400,585,546,1616,236,1087,1047,3160,636
1439,Vågsøy,2009,514,495,1531,392,561,552,1629,237,1075,1047,3160,629
1439,Vågsøy,2010,522,512,1538,383,546,565,1632,237,1068,1077,3170,620
1439,Vågsøy,2011,511,514,1539,380,538,585,1666,223,1049,1099,3205,603
1439,Vågsøy,2012,517,517,1550,375,540,612,1716,220,1057,1129,3266,595
1439,Vågsøy,2013,519,520,1559,363,532,629,1727,209,1051,1149,3286,572
1439,Vågsøy,2014,502,533,1541,361,547,620,1705,219,1049,1153,3246,580
1441,Selje,1999,320,304,732,171,309,325,790,117,629,629,1522,288
1441,Selje,2000,317,293,734,171,302,309,790,109,619,602,1524,280
1441,Selje,2001,315,280,743,167,303,323,789,107,618,603,1532,274
1441,Selje,2002,316,265,744,165,293,315,793,111,609,580,1537,276
1441,Selje,2003,319,268,761,167,293,299,798,110,612,567,1559,277
1441,Selje,2004,310,289,757,171,293,285,808,100,603,574,1565,271
1441,Selje,2005,302,275,743,171,283,283,805,103,585,558,1548,274
1441,Selje,2006,310,260,750,169,280,272,791,111,590,532,1541,280
1441,Selje,2007,287,260,746,168,266,256,791,109,553,516,1537,277
1441,Selje,2008,283,256,735,175,252,251,789,110,535,507,1524,285
1441,Selje,2009,282,248,738,181,243,246,798,115,525,494,1536,296
1441,Selje,2010,270,254,724,170,222,245,798,112,492,499,1522,282
1441,Selje,2011,264,262,720,175,214,246,802,117,478,508,1522,292
1441,Selje,2012,241,272,723,171,213,257,809,110,454,529,1532,281
1441,Selje,2013,236,280,721,172,206,239,810,109,442,519,1531,281
1441,Selje,2014,220,274,730,173,198,238,813,109,418,512,1543,282
1443,Eid,1999,599,603,1394,274,610,628,1430,180,1209,1231,2824,454
1443,Eid,2000,593,598,1410,265,617,599,1437,176,1210,1197,2847,441
1443,Eid,2001,582,609,1423,270,627,594,1443,172,1209,1203,2866,442
1443,Eid,2002,581,580,1428,272,610,591,1464,165,1191,1171,2892,437
1443,Eid,2003,593,592,1421,279,607,582,1476,157,1200,1174,2897,436
1443,Eid,2004,579,603,1422,283,609,556,1497,155,1188,1159,2919,438
1443,Eid,2005,574,587,1436,278,595,561,1508,158,1169,1148,2944,436
1443,Eid,2006,572,600,1452,272,590,570,1515,161,1162,1170,2967,433
1443,Eid,2007,561,605,1459,281,600,587,1519,162,1161,1192,2978,443
1443,Eid,2008,551,593,1484,274,602,583,1541,165,1153,1176,3025,439
1443,Eid,2009,540,589,1501,266,583,586,1564,166,1123,1175,3065,432
1443,Eid,2010,546,569,1505,261,560,588,1586,165,1106,1157,3091,426
1443,Eid,2011,544,586,1516,263,551,608,1589,175,1095,1194,3105,438
1443,Eid,2012,540,586,1534,267,558,605,1604,180,1098,1191,3138,447
1443,Eid,2013,534,570,1541,264,566,583,1618,180,1100,1153,3159,444
1443,Eid,2014,538,558,1537,273,560,586,1636,178,1098,1144,3173,451
1444,Hornindal,1999,119,103,265,68,136,137,311,53,255,240,576,121
1444,Hornindal,2000,123,113,262,67,142,134,315,52,265,247,577,119
1444,Hornindal,2001,127,108,261,66,147,131,310,51,274,239,571,117
1444,Hornindal,2002,124,103,260,61,143,130,309,51,267,233,569,112
1444,Hornindal,2003,126,97,263,61,135,136,302,56,261,233,565,117
1444,Hornindal,2004,130,95,265,65,140,135,301,53,270,230,566,118
1444,Hornindal,2005,135,100,264,67,136,133,300,51,271,233,564,118
1444,Hornindal,2006,130,99,268,70,132,127,310,56,262,226,578,126
1444,Hornindal,2007,133,99,269,67,131,123,316,50,264,222,585,117
1444,Hornindal,2008,123,110,269,68,127,129,324,45,250,239,593,113
1444,Hornindal,2009,122,114,277,62,132,121,333,50,254,235,610,112
1444,Hornindal,2010,113,114,282,64,125,129,326,58,238,243,608,122
1444,Hornindal,2011,108,112,277,65,125,122,321,63,233,234,598,128
1444,Hornindal,2012,109,117,279,67,122,121,324,67,231,238,603,134
1444,Hornindal,2013,111,115,287,71,120,123,335,61,231,238,622,132
1444,Hornindal,2014,99,122,282,70,121,123,332,63,220,245,614,133
1445,Gloppen,1999,551,570,1389,378,557,592,1448,235,1108,1162,2837,613
1445,Gloppen,2000,544,564,1379,387,557,579,1449,237,1101,1143,2828,624
1445,Gloppen,2001,536,542,1378,383,545,560,1455,232,1081,1102,2833,615
1445,Gloppen,2002,541,522,1384,382,555,555,1466,245,1096,1077,2850,627
1445,Gloppen,2003,539,519,1396,385,567,547,1484,252,1106,1066,2880,637
1445,Gloppen,2004,523,518,1403,386,563,531,1498,248,1086,1049,2901,634
1445,Gloppen,2005,516,543,1406,380,564,540,1509,247,1080,1083,2915,627
1445,Gloppen,2006,535,525,1418,382,551,555,1505,242,1086,1080,2923,624
1445,Gloppen,2007,519,522,1415,387,529,545,1499,248,1048,1067,2914,635
1445,Gloppen,2008,514,521,1419,378,517,532,1493,251,1031,1053,2912,629
1445,Gloppen,2009,497,516,1423,382,523,531,1493,246,1020,1047,2916,628
1445,Gloppen,2010,497,517,1438,375,519,538,1516,244,1016,1055,2954,619
1445,Gloppen,2011,494,514,1454,362,518,534,1530,242,1012,1048,2984,604
1445,Gloppen,2012,476,518,1475,350,509,543,1522,236,985,1061,2997,586
1445,Gloppen,2013,469,517,1474,337,508,541,1518,246,977,1058,2992,583
1445,Gloppen,2014,474,517,1500,320,536,532,1535,240,1010,1049,3035,560
1449,Stryn,1999,628,662,1572,393,709,700,1712,246,1337,1362,3284,639
1449,Stryn,2000,614,647,1583,401,707,678,1714,243,1321,1325,3297,644
1449,Stryn,2001,640,640,1605,395,700,714,1759,235,1340,1354,3364,630
1449,Stryn,2002,629,625,1607,392,687,701,1763,236,1316,1326,3370,628
1449,Stryn,2003,629,635,1630,387,682,703,1782,234,1311,1338,3412,621
1449,Stryn,2004,654,629,1640,393,681,715,1822,227,1335,1344,3462,620
1449,Stryn,2005,655,608,1674,379,670,717,1834,233,1325,1325,3508,612
1449,Stryn,2006,634,580,1674,381,666,675,1851,230,1300,1255,3525,611
1449,Stryn,2007,646,563,1661,362,660,653,1846,230,1306,1216,3507,592
1449,Stryn,2008,640,561,1671,353,670,674,1872,235,1310,1235,3543,588
1449,Stryn,2009,668,554,1709,345,658,697,1903,233,1326,1251,3612,578
1449,Stryn,2010,659,580,1727,335,663,734,1928,241,1322,1314,3655,576
1449,Stryn,2011,684,586,1734,345,664,730,1948,248,1348,1316,3682,593
1449,Stryn,2012,658,610,1741,351,653,748,1971,250,1311,1358,3712,601
1449,Stryn,2013,641,610,1757,351,663,743,2010,247,1304,1353,3767,598
1449,Stryn,2014,643,594,1764,354,667,736,2045,249,1310,1330,3809,603
1502,Molde,1999,2165,2349,6223,1166,2337,2418,5965,673,4502,4767,12188,1839
1502,Molde,2000,2175,2290,6320,1173,2330,2393,6073,673,4505,4683,12393,1846
1502,Molde,2001,2160,2216,6381,1195,2312,2380,6148,700,4472,4596,12529,1895
1502,Molde,2002,2171,2181,6429,1193,2310,2362,6225,709,4481,4543,12654,1902
1502,Molde,2003,2156,2170,6468,1209,2335,2392,6286,703,4491,4562,12754,1912
1502,Molde,2004,2148,2182,6486,1223,2269,2395,6351,705,4417,4577,12837,1928
1502,Molde,2005,2132,2203,6495,1225,2231,2426,6391,724,4363,4629,12886,1949
1502,Molde,2006,2109,2186,6495,1246,2214,2468,6422,736,4323,4654,12917,1982
1502,Molde,2007,2138,2181,6511,1246,2212,2481,6483,759,4350,4662,12994,2005
1502,Molde,2008,2101,2169,6565,1235,2186,2449,6570,766,4287,4618,13135,2001
1502,Molde,2009,2117,2207,6644,1226,2170,2471,6691,745,4287,4678,13335,1971
1502,Molde,2010,2058,2292,6737,1225,2148,2513,6776,753,4206,4805,13513,1978
1502,Molde,2011,2054,2366,6807,1203,2160,2586,6887,757,4214,4952,13694,1960
1502,Molde,2012,2034,2394,6948,1190,2138,2703,7019,762,4172,5097,13967,1952
1502,Molde,2013,2059,2493,7034,1212,2155,2756,7178,775,4214,5249,14212,1987
1502,Molde,2014,2061,2494,7124,1196,2141,2722,7262,765,4202,5216,14386,1961
1504,Ålesund,1999,3509,3941,9917,1796,3685,3958,9916,1009,7194,7899,19833,2805
1504,Ålesund,2000,3555,3988,10087,1837,3760,3946,10079,1055,7315,7934,20166,2892
1504,Ålesund,2001,3612,3967,10191,1845,3815,3886,10236,1075,7427,7853,20427,2920
1504,Ålesund,2002,3640,3909,10296,1860,3817,3852,10327,1129,7457,7761,20623,2989
1504,Ålesund,2003,3665,3893,10399,1900,3879,3871,10455,1121,7544,7764,20854,3021
1504,Ålesund,2004,3699,3928,10476,1923,3908,3812,10615,1146,7607,7740,21091,3069
1504,Ålesund,2005,3662,3925,10591,1952,3882,3843,10702,1167,7544,7768,21293,3119
1504,Ålesund,2006,3686,3965,10718,1973,3900,3977,10870,1166,7586,7942,21588,3139
1504,Ålesund,2007,3708,4057,10855,1969,3903,4085,11092,1199,7611,8142,21947,3168
1504,Ålesund,2008,3704,4084,10951,1985,3911,4156,11297,1203,7615,8240,22248,3188
1504,Ålesund,2009,3682,4177,11069,1980,3925,4300,11467,1199,7607,8477,22536,3179
1504,Ålesund,2010,3699,4253,11220,1942,3948,4370,11732,1225,7647,8623,22952,3167
1504,Ålesund,2011,3755,4268,11438,1919,3986,4561,11958,1252,7741,8829,23396,3171
1504,Ålesund,2012,3738,4406,11543,1932,3985,4719,12262,1259,7723,9125,23805,3191
1504,Ålesund,2013,3737,4477,11715,1916,4019,4850,12496,1269,7756,9327,24211,3185
1504,Ålesund,2014,3771,4548,11941,1921,4079,4898,12768,1264,7850,9446,24709,3185
1511,Vanylven,1999,316,360,827,235,336,423,936,129,652,783,1763,364
1511,Vanylven,2000,312,337,822,240,343,395,943,139,655,732,1765,379
1511,Vanylven,2001,290,326,823,239,354,379,936,133,644,705,1759,372
1511,Vanylven,2002,337,357,913,270,379,425,1032,144,716,782,1945,414
1511,Vanylven,2003,333,325,923,261,371,393,1033,149,704,718,1956,410
1511,Vanylven,2004,326,314,922,256,357,374,1018,145,683,688,1940,401
1511,Vanylven,2005,315,312,909,255,346,361,1021,143,661,673,1930,398
1511,Vanylven,2006,292,297,895,249,336,343,1009,142,628,640,1904,391
1511,Vanylven,2007,281,299,896,238,325,322,1003,153,606,621,1899,391
1511,Vanylven,2008,287,298,893,242,309,318,1004,153,596,616,1897,395
1511,Vanylven,2009,273,281,904,240,292,320,998,152,565,601,1902,392
1511,Vanylven,2010,252,260,902,234,282,330,1047,142,534,590,1949,376
1511,Vanylven,2011,243,257,904,221,276,303,1034,147,519,560,1938,368
1511,Vanylven,2012,244,254,899,217,267,309,1023,147,511,563,1922,364
1511,Vanylven,2013,243,242,889,226,255,301,1003,152,498,543,1892,378
1511,Vanylven,2014,223,256,884,223,246,313,986,150,469,569,1870,373
1514,Sande (Møre og Romsdal),1999,281,295,737,185,278,356,810,113,559,651,1547,298
1514,Sande (Møre og Romsdal),2000,281,296,737,187,280,338,805,119,561,634,1542,306
1514,Sande (Møre og Romsdal),2001,274,269,751,186,277,325,804,118,551,594,1555,304
1514,Sande (Møre og Romsdal),2002,235,226,666,153,252,264,709,99,487,490,1375,252
1514,Sande (Møre og Romsdal),2003,226,224,654,159,245,261,709,95,471,485,1363,254
1514,Sande (Møre og Romsdal),2004,222,216,657,159,251,267,712,93,473,483,1369,252
1514,Sande (Møre og Romsdal),2005,209,211,665,160,251,259,701,94,460,470,1366,254
1514,Sande (Møre og Romsdal),2006,210,202,665,161,234,260,683,98,444,462,1348,259
1514,Sande (Møre og Romsdal),2007,200,214,663,156,232,251,682,105,432,465,1345,261
1514,Sande (Møre og Romsdal),2008,201,208,663,164,228,235,682,101,429,443,1345,265
1514,Sande (Møre og Romsdal),2009,197,204,660,176,234,237,708,100,431,441,1368,276
1514,Sande (Møre og Romsdal),2010,191,205,658,174,230,223,715,105,421,428,1373,279
1514,Sande (Møre og Romsdal),2011,187,206,657,179,230,249,784,108,417,455,1441,287
1514,Sande (Møre og Romsdal),2012,167,209,650,173,230,243,789,109,397,452,1439,282
1514,Sande (Møre og Romsdal),2013,173,213,655,181,231,247,790,114,404,460,1445,295
1514,Sande (Møre og Romsdal),2014,170,216,660,176,226,253,797,114,396,469,1457,290
1515,Herøy (Møre og Romsdal),1999,832,850,1962,401,824,936,2176,250,1656,1786,4138,651
1515,Herøy (Møre og Romsdal),2000,848,801,2007,401,830,925,2222,242,1678,1726,4229,643
1515,Herøy (Møre og Romsdal),2001,884,791,2013,391,805,902,2216,254,1689,1693,4229,645
1515,Herøy (Møre og Romsdal),2002,868,788,2055,384,802,879,2232,261,1670,1667,4287,645
1515,Herøy (Møre og Romsdal),2003,851,795,2057,389,797,847,2264,258,1648,1642,4321,647
1515,Herøy (Møre og Romsdal),2004,831,784,2078,393,788,816,2294,265,1619,1600,4372,658
1515,Herøy (Møre og Romsdal),2005,818,762,2104,397,794,822,2309,273,1612,1584,4413,670
1515,Herøy (Møre og Romsdal),2006,804,730,2128,414,803,815,2308,274,1607,1545,4436,688
1515,Herøy (Møre og Romsdal),2007,805,732,2121,419,791,778,2313,280,1596,1510,4434,699
1515,Herøy (Møre og Romsdal),2008,814,732,2136,412,789,757,2328,284,1603,1489,4464,696
1515,Herøy (Møre og Romsdal),2009,791,742,2139,414,807,750,2319,292,1598,1492,4458,706
1515,Herøy (Møre og Romsdal),2010,775,754,2172,408,805,757,2330,295,1580,1511,4502,703
1515,Herøy (Møre og Romsdal),2011,757,780,2210,416,807,789,2391,289,1564,1569,4601,705
1515,Herøy (Møre og Romsdal),2012,750,807,2259,427,803,813,2450,303,1553,1620,4709,730
1515,Herøy (Møre og Romsdal),2013,763,833,2280,432,816,844,2484,305,1579,1677,4764,737
1515,Herøy (Møre og Romsdal),2014,749,825,2293,433,821,829,2514,299,1570,1654,4807,732
1516,Ulstein,1999,662,704,1506,250,701,791,1658,140,1363,1495,3164,390
1516,Ulstein,2000,660,690,1538,249,727,739,1690,138,1387,1429,3228,387
1516,Ulstein,2001,683,655,1583,262,740,700,1728,147,1423,1355,3311,409
1516,Ulstein,2002,693,643,1617,260,756,687,1756,153,1449,1330,3373,413
1516,Ulstein,2003,718,624,1634,259,765,665,1787,155,1483,1289,3421,414
1516,Ulstein,2004,743,613,1662,258,773,647,1811,163,1516,1260,3473,421
1516,Ulstein,2005,758,598,1703,258,773,629,1816,156,1531,1227,3519,414
1516,Ulstein,2006,753,576,1729,268,761,631,1817,166,1514,1207,3546,434
1516,Ulstein,2007,752,591,1741,272,765,638,1836,163,1517,1229,3577,435
1516,Ulstein,2008,765,598,1771,268,767,676,1850,167,1532,1274,3621,435
1516,Ulstein,2009,764,628,1798,272,761,693,1895,169,1525,1321,3693,441
1516,Ulstein,2010,754,647,1832,287,751,747,2158,181,1505,1394,3990,468
1516,Ulstein,2011,768,679,1889,288,777,768,2315,179,1545,1447,4204,467
1516,Ulstein,2012,776,690,1929,287,780,774,2321,176,1556,1464,4250,463
1516,Ulstein,2013,771,700,1967,282,788,781,2353,197,1559,1481,4320,479
1516,Ulstein,2014,782,725,2026,280,778,804,2403,205,1560,1529,4429,485
1517,Hareid,1999,500,478,1143,219,503,499,1187,143,1003,977,2330,362
1517,Hareid,2000,512,468,1160,224,510,480,1179,154,1022,948,2339,378
1517,Hareid,2001,501,468,1171,222,505,487,1188,154,1006,955,2359,376
1517,Hareid,2002,497,456,1187,227,510,483,1212,154,1007,939,2399,381
1517,Hareid,2003,484,460,1181,231,488,485,1202,156,972,945,2383,387
1517,Hareid,2004,462,436,1178,237,463,475,1200,165,925,911,2378,402
1517,Hareid,2005,460,428,1185,243,460,458,1197,164,920,886,2382,407
1517,Hareid,2006,448,435,1175,249,452,466,1198,159,900,901,2373,408
1517,Hareid,2007,434,452,1186,245,455,478,1227,149,889,930,2413,394
1517,Hareid,2008,439,455,1211,250,462,495,1229,150,901,950,2440,400
1517,Hareid,2009,435,450,1228,248,459,511,1256,150,894,961,2484,398
1517,Hareid,2010,440,457,1236,255,455,536,1275,150,895,993,2511,405
1517,Hareid,2011,437,480,1246,250,452,547,1305,152,889,1027,2551,402
1517,Hareid,2012,428,491,1257,251,449,545,1343,159,877,1036,2600,410
1517,Hareid,2013,438,493,1274,261,478,532,1361,166,916,1025,2635,427
1517,Hareid,2014,431,482,1285,256,466,516,1370,166,897,998,2655,422
1519,Volda,1999,808,881,1997,473,853,878,2011,269,1661,1759,4008,742
1519,Volda,2000,798,857,2021,468,868,875,2052,276,1666,1732,4073,744
1519,Volda,2001,818,853,2015,479,878,840,2079,271,1696,1693,4094,750
1519,Volda,2002,804,810,2063,489,875,842,2079,278,1679,1652,4142,767
1519,Volda,2003,786,800,2091,490,859,856,2096,276,1645,1656,4187,766
1519,Volda,2004,779,839,2095,481,850,856,2108,266,1629,1695,4203,747
1519,Volda,2005,775,803,2109,495,846,850,2096,275,1621,1653,4205,770
1519,Volda,2006,774,795,2113,496,832,826,2119,274,1606,1621,4232,770
1519,Volda,2007,757,820,2114,477,825,834,2132,275,1582,1654,4246,752
1519,Volda,2008,764,835,2132,477,826,845,2155,272,1590,1680,4287,749
1519,Volda,2009,753,860,2144,484,808,896,2189,262,1561,1756,4333,746
1519,Volda,2010,780,837,2184,480,796,894,2237,262,1576,1731,4421,742
1519,Volda,2011,780,887,2186,469,789,950,2244,260,1569,1837,4430,729
1519,Volda,2012,770,894,2208,466,771,975,2272,253,1541,1869,4480,719
1519,Volda,2013,767,931,2231,452,746,1044,2313,264,1513,1975,4544,716
1519,Volda,2014,771,920,2257,455,737,1054,2361,267,1508,1974,4618,722
1520,Ørsta,1999,929,1019,2497,578,1052,1182,2611,374,1981,2201,5108,952
1520,Ørsta,2000,905,999,2506,574,1022,1173,2608,362,1927,2172,5114,936
1520,Ørsta,2001,916,989,2503,586,1020,1139,2632,351,1936,2128,5135,937
1520,Ørsta,2002,915,944,2521,593,1000,1104,2648,366,1915,2048,5169,959
1520,Ørsta,2003,932,925,2547,611,1002,1083,2645,375,1934,2008,5192,986
1520,Ørsta,2004,949,918,2540,612,1001,1086,2661,382,1950,2004,5201,994
1520,Ørsta,2005,940,903,2542,615,988,1063,2674,391,1928,1966,5216,1006
1520,Ørsta,2006,917,922,2560,621,961,1075,2686,394,1878,1997,5246,1015
1520,Ørsta,2007,891,906,2557,634,933,1048,2698,390,1824,1954,5255,1024
1520,Ørsta,2008,889,894,2567,625,934,1030,2711,385,1823,1924,5278,1010
1520,Ørsta,2009,898,922,2559,621,924,1053,2714,385,1822,1975,5273,1006
1520,Ørsta,2010,911,954,2586,616,937,1055,2755,381,1848,2009,5341,997
1520,Ørsta,2011,916,952,2604,607,943,1071,2778,379,1859,2023,5382,986
1520,Ørsta,2012,927,955,2626,592,915,1065,2820,380,1842,2020,5446,972
1520,Ørsta,2013,914,935,2660,588,928,1068,2857,375,1842,2003,5517,963
1520,Ørsta,2014,932,931,2691,580,937,1063,2904,376,1869,1994,5595,956
1523,Ørskog,1999,211,198,512,129,186,210,542,74,397,408,1054,203
1523,Ørskog,2000,199,196,508,132,185,204,543,81,384,400,1051,213
1523,Ørskog,2001,204,198,525,127,194,196,553,80,398,394,1078,207
1523,Ørskog,2002,198,191,519,124,195,195,569,75,393,386,1088,199
1523,Ørskog,2003,198,190,521,121,192,188,576,75,390,378,1097,196
1523,Ørskog,2004,189,196,523,126,190,187,580,75,379,383,1103,201
1523,Ørskog,2005,194,200,528,130,182,201,575,82,376,401,1103,212
1523,Ørskog,2006,182,199,529,130,185,196,575,81,367,395,1104,211
1523,Ørskog,2007,178,192,535,131,184,190,582,78,362,382,1117,209
1523,Ørskog,2008,179,202,531,131,189,193,594,74,368,395,1125,205
1523,Ørskog,2009,173,207,545,129,199,189,612,74,372,396,1157,203
1523,Ørskog,2010,167,203,555,122,196,183,607,71,363,386,1162,193
1523,Ørskog,2011,164,192,565,116,199,190,609,67,363,382,1174,183
1523,Ørskog,2012,170,205,580,115,208,188,644,71,378,393,1224,186
1523,Ørskog,2013,166,203,601,111,217,191,680,70,383,394,1281,181
1523,Ørskog,2014,176,204,620,112,218,187,689,71,394,391,1309,183
1524,Norddal,1999,175,183,439,172,180,206,470,113,355,389,909,285
1524,Norddal,2000,180,179,438,164,180,204,477,111,360,383,915,275
1524,Norddal,2001,187,162,448,149,186,201,477,108,373,363,925,257
1524,Norddal,2002,182,166,440,138,187,187,485,99,369,353,925,237
1524,Norddal,2003,176,170,441,138,185,181,488,96,361,351,929,234
1524,Norddal,2004,171,159,428,141,182,172,478,90,353,331,906,231
1524,Norddal,2005,168,161,433,135,176,164,477,86,344,325,910,221
1524,Norddal,2006,170,162,435,131,168,162,479,83,338,324,914,214
1524,Norddal,2007,171,154,446,131,170,161,476,87,341,315,922,218
1524,Norddal,2008,172,147,437,126,157,154,466,85,329,301,903,211
1524,Norddal,2009,171,153,446,121,165,154,462,84,336,307,908,205
1524,Norddal,2010,173,156,449,119,165,162,470,80,338,318,919,199
1524,Norddal,2011,174,144,455,113,159,154,467,80,333,298,922,193
1524,Norddal,2012,168,143,454,115,148,154,462,78,316,297,916,193
1524,Norddal,2013,157,145,450,117,145,157,469,79,302,302,919,196
1524,Norddal,2014,149,134,443,113,149,138,466,79,298,272,909,192
1525,Stranda,1999,410,487,1144,267,464,497,1198,169,874,984,2342,436
1525,Stranda,2000,403,459,1142,271,470,457,1231,169,873,916,2373,440
1525,Stranda,2001,408,450,1148,267,475,449,1217,180,883,899,2365,447
1525,Stranda,2002,429,419,1167,268,469,442,1238,181,898,861,2405,449
1525,Stranda,2003,443,400,1190,264,488,431,1241,187,931,831,2431,451
1525,Stranda,2004,442,376,1180,275,461,444,1235,193,903,820,2415,468
1525,Stranda,2005,431,378,1168,279,443,441,1236,191,874,819,2404,470
1525,Stranda,2006,423,370,1169,271,423,434,1214,202,846,804,2383,473
1525,Stranda,2007,401,354,1158,279,424,421,1213,198,825,775,2371,477
1525,Stranda,2008,402,387,1149,294,405,435,1213,197,807,822,2362,491
1525,Stranda,2009,402,391,1147,290,396,428,1234,207,798,819,2381,497
1525,Stranda,2010,390,395,1146,291,398,423,1246,201,788,818,2392,492
1525,Stranda,2011,393,419,1140,295,384,446,1257,193,777,865,2397,488
1525,Stranda,2012,392,408,1148,298,375,477,1259,203,767,885,2407,501
1525,Stranda,2013,375,419,1145,305,370,484,1276,193,745,903,2421,498
1525,Stranda,2014,383,407,1158,297,364,481,1282,200,747,888,2440,497
1526,Stordal,1999,108,104,261,61,89,124,267,40,197,228,528,101
1526,Stordal,2000,105,103,262,57,82,119,270,39,187,222,532,96
1526,Stordal,2001,101,103,264,56,84,125,280,41,185,228,544,97
1526,Stordal,2002,101,85,261,56,86,105,272,40,187,190,533,96
1526,Stordal,2003,105,72,263,57,83,95,265,41,188,167,528,98
1526,Stordal,2004,106,66,259,57,80,82,264,39,186,148,523,96
1526,Stordal,2005,112,81,262,55,86,83,271,39,198,164,533,94
1526,Stordal,2006,109,86,259,54,90,81,266,38,199,167,525,92
1526,Stordal,2007,109,83,258,51,94,77,267,39,203,160,525,90
1526,Stordal,2008,107,78,259,47,86,77,270,40,193,155,529,87
1526,Stordal,2009,114,79,260,51,92,80,271,38,206,159,531,89
1526,Stordal,2010,122,83,267,49,96,85,280,41,218,168,547,90
1526,Stordal,2011,118,86,260,53,92,84,277,41,210,170,537,94
1526,Stordal,2012,115,90,265,52,88,85,284,41,203,175,549,93
1526,Stordal,2013,115,92,267,57,95,80,292,42,210,172,559,99
1526,Stordal,2014,106,90,265,56,97,81,292,38,203,171,557,94
1528,Sykkylven,1999,686,780,1741,326,702,847,1843,235,1388,1627,3584,561
1528,Sykkylven,2000,683,753,1754,340,693,827,1877,236,1376,1580,3631,576
1528,Sykkylven,2001,710,743,1776,351,727,826,1904,232,1437,1569,3680,583
1528,Sykkylven,2002,731,731,1789,354,746,791,1956,230,1477,1522,3745,584
1528,Sykkylven,2003,739,725,1810,345,757,746,1972,237,1496,1471,3782,582
1528,Sykkylven,2004,734,708,1844,346,749,735,1984,249,1483,1443,3828,595
1528,Sykkylven,2005,727,695,1853,351,743,727,1997,258,1470,1422,3850,609
1528,Sykkylven,2006,716,692,1876,353,724,720,2008,266,1440,1412,3884,619
1528,Sykkylven,2007,702,681,1902,360,710,715,2024,269,1412,1396,3926,629
1528,Sykkylven,2008,716,673,1905,371,717,727,2040,259,1433,1400,3945,630
1528,Sykkylven,2009,708,719,1927,357,706,735,2062,259,1414,1454,3989,616
1528,Sykkylven,2010,724,693,1950,358,697,722,2080,262,1421,1415,4030,620
1528,Sykkylven,2011,735,674,2003,358,705,734,2091,266,1440,1408,4094,624
1528,Sykkylven,2012,725,683,2013,354,711,735,2100,263,1436,1418,4113,617
1528,Sykkylven,2013,716,674,2036,347,710,719,2137,251,1426,1393,4173,598
1528,Sykkylven,2014,731,653,2070,353,699,725,2176,245,1430,1378,4246,598
1529,Skodje,1999,371,365,849,115,360,381,896,93,731,746,1745,208
1529,Skodje,2000,369,360,862,116,375,384,904,94,744,744,1766,210
1529,Skodje,2001,366,359,878,116,377,382,908,96,743,741,1786,212
1529,Skodje,2002,388,347,898,122,393,350,937,97,781,697,1835,219
1529,Skodje,2003,388,339,926,122,380,332,958,94,768,671,1884,216
1529,Skodje,2004,396,332,917,122,371,331,956,98,767,663,1873,220
1529,Skodje,2005,385,337,927,126,366,338,971,107,751,675,1898,233
1529,Skodje,2006,390,338,940,127,362,342,979,113,752,680,1919,240
1529,Skodje,2007,382,346,943,128,368,354,999,110,750,700,1942,238
1529,Skodje,2008,377,358,971,137,375,365,1015,106,752,723,1986,243
1529,Skodje,2009,398,366,1006,138,398,373,1047,106,796,739,2053,244
1529,Skodje,2010,390,389,1015,135,401,378,1078,102,791,767,2093,237
1529,Skodje,2011,410,409,1040,138,417,399,1100,106,827,808,2140,244
1529,Skodje,2012,428,420,1067,135,419,412,1134,107,847,832,2201,242
1529,Skodje,2013,438,431,1089,140,438,409,1177,110,876,840,2266,250
1529,Skodje,2014,438,424,1117,146,427,422,1230,111,865,846,2347,257
1531,Sula,1999,669,727,1739,300,748,797,1724,197,1417,1524,3463,497
1531,Sula,2000,685,707,1762,317,782,766,1763,191,1467,1473,3525,508
1531,Sula,2001,691,679,1778,320,784,737,1793,196,1475,1416,3571,516
1531,Sula,2002,713,710,1807,325,795,759,1835,197,1508,1469,3642,522
1531,Sula,2003,710,704,1827,335,806,736,1900,202,1516,1440,3727,537
1531,Sula,2004,710,696,1836,347,803,716,1915,224,1513,1412,3751,571
1531,Sula,2005,717,701,1873,352,817,718,1936,240,1534,1419,3809,592
1531,Sula,2006,721,688,1894,365,780,746,1964,247,1501,1434,3858,612
1531,Sula,2007,729,700,1893,367,780,735,1975,262,1509,1435,3868,629
1531,Sula,2008,726,723,1918,379,788,748,1991,249,1514,1471,3909,628
1531,Sula,2009,739,745,1945,384,798,768,2033,256,1537,1513,3978,640
1531,Sula,2010,772,754,1974,384,810,755,2103,249,1582,1509,4077,633
1531,Sula,2011,791,762,2024,384,828,777,2150,254,1619,1539,4174,638
1531,Sula,2012,813,741,2060,390,829,817,2228,254,1642,1558,4288,644
1531,Sula,2013,843,725,2101,386,844,835,2287,258,1687,1560,4388,644
1531,Sula,2014,871,748,2159,383,860,869,2370,261,1731,1617,4529,644
1532,Giske,1999,668,634,1541,265,702,684,1579,181,1370,1318,3120,446
1532,Giske,2000,650,625,1549,262,701,662,1609,175,1351,1287,3158,437
1532,Giske,2001,661,618,1569,273,716,669,1626,172,1377,1287,3195,445
1532,Giske,2002,662,619,1580,284,713,674,1640,176,1375,1293,3220,460
1532,Giske,2003,679,618,1601,284,721,695,1639,169,1400,1313,3240,453
1532,Giske,2004,683,619,1634,285,722,689,1670,186,1405,1308,3304,471
1532,Giske,2005,670,623,1622,301,720,677,1699,190,1390,1300,3321,491
1532,Giske,2006,677,614,1637,301,715,675,1714,199,1392,1289,3351,500
1532,Giske,2007,684,602,1656,304,713,663,1736,203,1397,1265,3392,507
1532,Giske,2008,683,631,1675,302,723,667,1783,196,1406,1298,3458,498
1532,Giske,2009,713,645,1687,306,750,673,1829,195,1463,1318,3516,501
1532,Giske,2010,727,637,1736,309,762,678,1876,201,1489,1315,3612,510
1532,Giske,2011,749,672,1767,306,764,696,1914,201,1513,1368,3681,507
1532,Giske,2012,767,684,1816,306,776,732,1941,199,1543,1416,3757,505
1532,Giske,2013,772,713,1882,309,790,756,2015,196,1562,1469,3897,505
1532,Giske,2014,816,711,1937,305,781,784,2099,211,1597,1495,4036,516
1534,Haram,1999,764,857,2080,469,864,973,2299,308,1628,1830,4379,777
1534,Haram,2000,776,843,2098,492,867,954,2304,318,1643,1797,4402,810
1534,Haram,2001,779,847,2117,499,879,929,2329,321,1658,1776,4446,820
1534,Haram,2002,769,822,2127,517,879,898,2345,321,1648,1720,4472,838
1534,Haram,2003,788,815,2146,518,894,862,2357,332,1682,1677,4503,850
1534,Haram,2004,781,797,2153,518,902,844,2365,318,1683,1641,4518,836
1534,Haram,2005,772,766,2150,523,853,850,2365,335,1625,1616,4515,858
1534,Haram,2006,759,749,2149,532,842,832,2345,342,1601,1581,4494,874
1534,Haram,2007,763,720,2154,522,797,839,2356,354,1560,1559,4510,876
1534,Haram,2008,778,699,2180,503,779,850,2381,360,1557,1549,4561,863
1534,Haram,2009,772,710,2203,484,764,854,2448,362,1536,1564,4651,846
1534,Haram,2010,766,727,2211,491,762,851,2488,343,1528,1578,4699,834
1534,Haram,2011,785,752,2227,487,780,860,2529,348,1565,1612,4756,835
1534,Haram,2012,779,785,2258,475,786,858,2581,351,1565,1643,4839,826
1534,Haram,2013,788,772,2281,469,791,845,2622,348,1579,1617,4903,817
1534,Haram,2014,786,793,2318,458,798,840,2643,344,1584,1633,4961,802
1535,Vestnes,1999,616,582,1583,341,695,668,1712,227,1311,1250,3295,568
1535,Vestnes,2000,619,576,1606,330,697,671,1739,217,1316,1247,3345,547
1535,Vestnes,2001,620,538,1621,331,700,635,1751,221,1320,1173,3372,552
1535,Vestnes,2002,615,508,1631,324,694,629,1744,214,1309,1137,3375,538
1535,Vestnes,2003,602,527,1629,320,691,613,1765,214,1293,1140,3394,534
1535,Vestnes,2004,607,530,1625,317,681,584,1765,222,1288,1114,3390,539
1535,Vestnes,2005,595,524,1628,322,654,588,1775,228,1249,1112,3403,550
1535,Vestnes,2006,572,570,1639,330,646,592,1803,219,1218,1162,3442,549
1535,Vestnes,2007,559,575,1649,320,608,612,1792,223,1167,1187,3441,543
1535,Vestnes,2008,568,570,1671,327,601,605,1812,218,1169,1175,3483,545
1535,Vestnes,2009,541,579,1675,331,596,618,1851,216,1137,1197,3526,547
1535,Vestnes,2010,542,569,1700,315,564,640,1893,215,1106,1209,3593,530
1535,Vestnes,2011,542,577,1712,310,545,650,1878,223,1087,1227,3590,533
1535,Vestnes,2012,529,587,1719,302,543,659,1921,225,1072,1246,3640,527
1535,Vestnes,2013,507,618,1725,316,529,677,1948,236,1036,1295,3673,552
1535,Vestnes,2014,511,611,1747,290,521,681,1968,233,1032,1292,3715,523
1539,Rauma,1999,679,665,1905,494,709,730,1942,300,1388,1395,3847,794
1539,Rauma,2000,685,646,1902,500,700,667,1937,308,1385,1313,3839,808
1539,Rauma,2001,681,607,1917,519,699,654,1972,298,1380,1261,3889,817
1539,Rauma,2002,678,610,1896,520,686,669,1957,289,1364,1279,3853,809
1539,Rauma,2003,681,580,1891,520,661,659,1971,267,1342,1239,3862,787
1539,Rauma,2004,663,595,1904,517,651,679,1971,271,1314,1274,3875,788
1539,Rauma,2005,646,597,1919,526,644,671,1987,267,1290,1268,3906,793
1539,Rauma,2006,641,610,1908,512,661,680,1987,282,1302,1290,3895,794
1539,Rauma,2007,623,606,1909,510,644,689,1989,284,1267,1295,3898,794
1539,Rauma,2008,614,623,1916,507,640,680,2042,291,1254,1303,3958,798
1539,Rauma,2009,601,627,1921,505,630,690,2034,293,1231,1317,3955,798
1539,Rauma,2010,603,639,1920,507,641,693,2059,288,1244,1332,3979,795
1539,Rauma,2011,575,647,1917,508,623,689,2083,277,1198,1336,4000,785
1539,Rauma,2012,560,636,1930,500,629,698,2092,289,1189,1334,4022,789
1539,Rauma,2013,568,636,1961,474,631,684,2116,272,1199,1320,4077,746
1539,Rauma,2014,569,631,1982,467,646,677,2122,278,1215,1308,4104,745
1543,Nesset,1999,313,257,793,223,342,301,867,158,655,558,1660,381
1543,Nesset,2000,313,261,791,218,340,300,869,149,653,561,1660,367
1543,Nesset,2001,318,256,794,209,333,285,873,145,651,541,1667,354
1543,Nesset,2002,318,253,805,198,322,275,882,144,640,528,1687,342
1543,Nesset,2003,316,266,801,196,324,288,883,137,640,554,1684,333
1543,Nesset,2004,307,264,800,193,317,283,869,138,624,547,1669,331
1543,Nesset,2005,304,264,793,190,316,291,856,136,620,555,1649,326
1543,Nesset,2006,295,263,785,190,297,287,859,134,592,550,1644,324
1543,Nesset,2007,276,277,779,188,281,294,836,134,557,571,1615,322
1543,Nesset,2008,262,275,779,181,264,302,828,140,526,577,1607,321
1543,Nesset,2009,252,280,788,179,263,313,840,131,515,593,1628,310
1543,Nesset,2010,246,277,787,180,253,326,844,132,499,603,1631,312
1543,Nesset,2011,239,269,771,176,237,310,834,127,476,579,1605,303
1543,Nesset,2012,236,267,770,182,225,319,851,128,461,586,1621,310
1543,Nesset,2013,235,259,768,185,228,303,869,119,463,562,1637,304
1543,Nesset,2014,233,265,767,183,232,300,869,129,465,565,1636,312
1545,Midsund,1999,152,198,471,124,187,196,540,84,339,394,1011,208
1545,Midsund,2000,162,189,477,124,189,189,539,87,351,378,1016,211
1545,Midsund,2001,167,180,478,129,188,178,535,92,355,358,1013,221
1545,Midsund,2002,174,162,475,138,183,177,543,87,357,339,1018,225
1545,Midsund,2003,175,163,488,128,178,176,541,84,353,339,1029,212
1545,Midsund,2004,167,159,472,140,178,163,532,83,345,322,1004,223
1545,Midsund,2005,178,163,476,132,175,165,532,89,353,328,1008,221
1545,Midsund,2006,183,165,467,126,183,165,526,91,366,330,993,217
1545,Midsund,2007,185,151,474,121,185,151,532,93,370,302,1006,214
1545,Midsund,2008,188,148,466,127,184,142,535,91,372,290,1001,218
1545,Midsund,2009,183,147,474,125,191,148,544,89,374,295,1018,214
1545,Midsund,2010,187,146,482,127,187,157,554,86,374,303,1036,213
1545,Midsund,2011,186,137,493,126,201,159,553,89,387,296,1046,215
1545,Midsund,2012,191,143,500,124,202,167,553,87,393,310,1053,211
1545,Midsund,2013,181,158,502,127,198,173,556,90,379,331,1058,217
1545,Midsund,2014,179,164,511,123,197,177,565,92,376,341,1076,215
1546,Sandøy,1999,101,135,347,106,109,137,350,58,210,272,697,164
1546,Sandøy,2000,103,126,341,105,100,135,349,58,203,261,690,163
1546,Sandøy,2001,99,130,333,104,99,133,349,60,198,263,682,164
1546,Sandøy,2002,104,124,329,109,97,124,349,58,201,248,678,167
1546,Sandøy,2003,102,112,330,109,89,127,354,57,191,239,684,166
1546,Sandøy,2004,96,107,329,112,93,118,352,56,189,225,681,168
1546,Sandøy,2005,97,99,331,114,103,112,344,58,200,211,675,172
1546,Sandøy,2006,98,96,331,112,103,103,356,59,201,199,687,171
1546,Sandøy,2007,98,95,331,108,109,101,358,59,207,196,689,167
1546,Sandøy,2008,97,92,340,107,111,105,357,61,208,197,697,168
1546,Sandøy,2009,103,89,348,106,117,108,364,59,220,197,712,165
1546,Sandøy,2010,108,89,340,106,124,103,370,60,232,192,710,166
1546,Sandøy,2011,109,92,342,108,129,114,370,56,238,206,712,164
1546,Sandøy,2012,105,91,339,108,132,104,371,51,237,195,710,159
1546,Sandøy,2013,94,95,338,101,128,103,367,50,222,198,705,151
1546,Sandøy,2014,87,97,338,98,125,110,365,55,212,207,703,153
1547,Aukra,1999,289,295,747,165,250,326,744,107,539,621,1491,272
1547,Aukra,2000,297,290,754,165,262,326,750,103,559,616,1504,268
1547,Aukra,2001,299,284,749,164,267,307,755,104,566,591,1504,268
1547,Aukra,2002,309,282,765,166,283,295,779,106,592,577,1544,272
1547,Aukra,2003,311,289,774,159,292,293,791,102,603,582,1565,261
1547,Aukra,2004,305,297,763,165,294,291,806,108,599,588,1569,273
1547,Aukra,2005,292,287,774,160,296,277,816,110,588,564,1590,270
1547,Aukra,2006,304,298,773,166,300,275,824,114,604,573,1597,280
1547,Aukra,2007,318,300,791,163,306,277,831,113,624,577,1622,276
1547,Aukra,2008,311,308,788,159,314,294,853,110,625,602,1641,269
1547,Aukra,2009,311,301,785,167,312,305,858,108,623,606,1643,275
1547,Aukra,2010,316,289,801,164,309,295,871,110,625,584,1672,274
1547,Aukra,2011,322,286,821,168,318,294,891,113,640,580,1712,281
1547,Aukra,2012,317,299,831,176,318,292,908,121,635,591,1739,297
1547,Aukra,2013,312,313,842,172,316,299,925,120,628,612,1767,292
1547,Aukra,2014,318,303,867,165,321,314,924,126,639,617,1791,291
1548,Fræna,1999,925,933,2155,404,960,1022,2304,270,1885,1955,4459,674
1548,Fræna,2000,923,867,2189,406,928,986,2321,281,1851,1853,4510,687
1548,Fræna,2001,919,856,2218,418,932,971,2354,268,1851,1827,4572,686
1548,Fræna,2002,883,833,2228,414,906,939,2360,272,1789,1772,4588,686
1548,Fræna,2003,907,799,2247,410,891,919,2377,272,1798,1718,4624,682
1548,Fræna,2004,913,803,2276,411,907,916,2400,265,1820,1719,4676,676
1548,Fræna,2005,889,817,2287,415,900,907,2451,254,1789,1724,4738,669
1548,Fræna,2006,889,828,2315,418,879,921,2467,256,1768,1749,4782,674
1548,Fræna,2007,880,822,2332,413,894,937,2507,246,1774,1759,4839,659
1548,Fræna,2008,867,858,2369,398,885,903,2539,248,1752,1761,4908,646
1548,Fræna,2009,892,864,2402,404,871,918,2566,229,1763,1782,4968,633
1548,Fræna,2010,876,885,2416,402,879,943,2572,239,1755,1828,4988,641
1548,Fræna,2011,870,858,2441,399,854,963,2608,236,1724,1821,5049,635
1548,Fræna,2012,891,859,2494,392,857,953,2685,244,1748,1812,5179,636
1548,Fræna,2013,873,889,2526,399,875,965,2720,254,1748,1854,5246,653
1548,Fræna,2014,885,921,2548,402,877,961,2753,261,1762,1882,5301,663
1551,Eide,1999,318,316,741,135,316,331,811,86,634,647,1552,221
1551,Eide,2000,345,307,772,140,318,349,829,84,663,656,1601,224
1551,Eide,2001,342,303,779,149,322,341,852,90,664,644,1631,239
1551,Eide,2002,337,322,796,152,342,330,855,89,679,652,1651,241
1551,Eide,2003,344,310,804,155,333,309,849,89,677,619,1653,244
1551,Eide,2004,347,325,809,151,339,315,860,93,686,640,1669,244
1551,Eide,2005,338,320,809,161,341,318,865,99,679,638,1674,260
1551,Eide,2006,340,328,826,159,341,321,871,104,681,649,1697,263
1551,Eide,2007,338,329,838,159,345,320,878,107,683,649,1716,266
1551,Eide,2008,338,315,851,154,346,339,874,109,684,654,1725,263
1551,Eide,2009,316,307,836,161,343,330,879,109,659,637,1715,270
1551,Eide,2010,324,322,854,158,345,334,896,105,669,656,1750,263
1551,Eide,2011,337,318,871,154,349,345,902,108,686,663,1773,262
1551,Eide,2012,320,319,873,155,339,362,918,111,659,681,1791,266
1551,Eide,2013,321,315,890,149,353,357,938,112,674,672,1828,261
1551,Eide,2014,322,320,887,152,364,332,949,114,686,652,1836,266
1554,Averøy,1999,502,512,1348,302,532,590,1454,181,1034,1102,2802,483
1554,Averøy,2000,466,490,1355,305,526,571,1440,193,992,1061,2795,498
1554,Averøy,2001,464,480,1363,301,537,555,1457,203,1001,1035,2820,504
1554,Averøy,2002,464,461,1383,310,546,535,1462,205,1010,996,2845,515
1554,Averøy,2003,482,455,1400,295,543,540,1486,205,1025,995,2886,500
1554,Averøy,2004,468,452,1405,313,527,532,1492,204,995,984,2897,517
1554,Averøy,2005,464,460,1411,303,542,490,1513,207,1006,950,2924,510
1554,Averøy,2006,445,442,1391,299,530,486,1500,209,975,928,2891,508
1554,Averøy,2007,459,425,1413,295,510,478,1520,208,969,903,2933,503
1554,Averøy,2008,456,435,1423,279,510,483,1547,205,966,918,2970,484
1554,Averøy,2009,460,416,1465,272,504,512,1559,201,964,928,3024,473
1554,Averøy,2010,463,432,1487,264,500,495,1586,187,963,927,3073,451
1554,Averøy,2011,477,432,1509,257,506,502,1606,171,983,934,3115,428
1554,Averøy,2012,470,447,1508,252,516,525,1636,166,986,972,3144,418
1554,Averøy,2013,464,459,1523,248,511,547,1667,174,975,1006,3190,422
1554,Averøy,2014,485,451,1552,248,517,539,1662,178,1002,990,3214,426
1557,Gjemnes,1999,217,285,650,169,224,298,679,123,441,583,1329,292
1557,Gjemnes,2000,227,289,642,170,206,312,684,124,433,601,1326,294
1557,Gjemnes,2001,223,288,632,170,210,310,686,110,433,598,1318,280
1557,Gjemnes,2002,217,274,615,176,199,297,703,108,416,571,1318,284
1557,Gjemnes,2003,228,270,627,174,212,297,718,99,440,567,1345,273
1557,Gjemnes,2004,228,255,629,174,215,304,719,98,443,559,1348,272
1557,Gjemnes,2005,227,245,659,169,232,283,743,99,459,528,1402,268
1557,Gjemnes,2006,225,241,655,167,241,270,744,100,466,511,1399,267
1557,Gjemnes,2007,218,242,642,166,243,264,736,97,461,506,1378,263
1557,Gjemnes,2008,229,225,661,160,250,243,742,96,479,468,1403,256
1557,Gjemnes,2009,220,217,671,153,251,242,745,89,471,459,1416,242
1557,Gjemnes,2010,215,218,667,151,251,237,738,95,466,455,1405,246
1557,Gjemnes,2011,228,211,678,148,240,224,737,97,468,435,1415,245
1557,Gjemnes,2012,220,195,690,138,244,219,754,96,464,414,1444,234
1557,Gjemnes,2013,218,197,682,135,234,210,756,95,452,407,1438,230
1557,Gjemnes,2014,216,204,693,130,231,212,757,96,447,416,1450,226
1560,Tingvoll,1999,236,275,805,215,268,289,815,151,504,564,1620,366
1560,Tingvoll,2000,248,281,819,214,282,292,826,152,530,573,1645,366
1560,Tingvoll,2001,239,273,813,211,282,287,837,156,521,560,1650,367
1560,Tingvoll,2002,253,271,825,203,288,271,855,149,541,542,1680,352
1560,Tingvoll,2003,250,272,827,208,281,271,866,140,531,543,1693,348
1560,Tingvoll,2004,243,252,833,207,275,278,850,149,518,530,1683,356
1560,Tingvoll,2005,240,260,823,218,275,254,851,143,515,514,1674,361
1560,Tingvoll,2006,251,254,818,213,279,259,864,134,530,513,1682,347
1560,Tingvoll,2007,244,262,827,208,271,259,851,134,515,521,1678,342
1560,Tingvoll,2008,235,253,825,207,265,261,872,136,500,514,1697,343
1560,Tingvoll,2009,231,249,830,205,262,258,860,137,493,507,1690,342
1560,Tingvoll,2010,214,257,839,203,262,272,858,131,476,529,1697,334
1560,Tingvoll,2011,215,254,832,202,264,273,873,122,479,527,1705,324
1560,Tingvoll,2012,231,248,847,193,261,285,885,120,492,533,1732,313
1560,Tingvoll,2013,240,246,856,187,250,286,894,132,490,532,1750,319
1560,Tingvoll,2014,227,226,856,186,248,275,888,134,475,501,1744,320
1563,Sunndal,1999,614,654,1980,404,713,703,2041,246,1327,1357,4021,650
1563,Sunndal,2000,609,629,1962,418,707,672,2027,247,1316,1301,3989,665
1563,Sunndal,2001,614,636,1972,426,722,680,2039,252,1336,1316,4011,678
1563,Sunndal,2002,633,595,1958,439,696,651,2056,254,1329,1246,4014,693
1563,Sunndal,2003,628,589,1977,439,705,652,2068,271,1333,1241,4045,710
1563,Sunndal,2004,604,602,1963,454,700,659,2045,282,1304,1261,4008,736
1563,Sunndal,2005,601,599,1975,439,690,666,2046,291,1291,1265,4021,730
1563,Sunndal,2006,578,590,1972,444,665,665,2032,288,1243,1255,4004,732
1563,Sunndal,2007,596,574,1978,446,666,671,2056,278,1262,1245,4034,724
1563,Sunndal,2008,589,591,2003,442,671,673,2032,294,1260,1264,4035,736
1563,Sunndal,2009,578,610,1974,455,647,709,2022,284,1225,1319,3996,739
1563,Sunndal,2010,566,623,1963,454,626,706,2019,277,1192,1329,3982,731
1563,Sunndal,2011,560,603,1960,464,599,708,2029,278,1159,1311,3989,742
1563,Sunndal,2012,541,603,1965,448,560,720,2018,273,1101,1323,3983,721
1563,Sunndal,2013,548,601,1972,443,561,747,2027,254,1109,1348,3999,697
1563,Sunndal,2014,533,599,1965,440,553,755,2006,258,1086,1354,3971,698
1566,Surnadal,1999,537,561,1526,396,594,647,1651,265,1131,1208,3177,661
1566,Surnadal,2000,539,557,1524,394,604,623,1669,256,1143,1180,3193,650
1566,Surnadal,2001,537,564,1526,388,610,596,1685,259,1147,1160,3211,647
1566,Surnadal,2002,537,535,1553,386,619,570,1706,251,1156,1105,3259,637
1566,Surnadal,2003,558,536,1545,379,618,565,1706,247,1176,1101,3251,626
1566,Surnadal,2004,561,520,1577,378,598,556,1711,246,1159,1076,3288,624
1566,Surnadal,2005,555,511,1581,378,590,548,1681,248,1145,1059,3262,626
1566,Surnadal,2006,547,493,1586,380,594,523,1690,245,1141,1016,3276,625
1566,Surnadal,2007,537,486,1582,370,562,530,1684,237,1099,1016,3266,607
1566,Surnadal,2008,531,484,1593,358,562,548,1668,234,1093,1032,3261,592
1566,Surnadal,2009,516,482,1605,339,553,550,1680,228,1069,1032,3285,567
1566,Surnadal,2010,502,489,1581,326,540,564,1679,228,1042,1053,3260,554
1566,Surnadal,2011,496,493,1588,317,516,561,1697,227,1012,1054,3285,544
1566,Surnadal,2012,480,511,1604,298,488,581,1713,227,968,1092,3317,525
1566,Surnadal,2013,461,504,1618,296,488,558,1731,222,949,1062,3349,518
1566,Surnadal,2014,471,508,1611,298,470,577,1745,222,941,1085,3356,520
1567,Rindal,1999,177,179,526,159,195,206,565,131,372,385,1091,290
1567,Rindal,2000,173,169,517,167,198,198,563,126,371,367,1080,293
1567,Rindal,2001,181,152,523,165,196,193,559,126,377,345,1082,291
1567,Rindal,2002,189,152,522,163,202,193,546,127,391,345,1068,290
1567,Rindal,2003,192,153,520,166,204,188,557,122,396,341,1077,288
1567,Rindal,2004,192,151,519,168,202,187,555,119,394,338,1074,287
1567,Rindal,2005,186,151,521,168,208,170,553,122,394,321,1074,290
1567,Rindal,2006,194,143,520,169,209,166,551,118,403,309,1071,287
1567,Rindal,2007,186,141,516,163,202,174,547,117,388,315,1063,280
1567,Rindal,2008,175,153,514,156,202,174,538,117,377,327,1052,273
1567,Rindal,2009,167,158,508,160,190,186,544,106,357,344,1052,266
1567,Rindal,2010,172,167,505,154,200,173,550,107,372,340,1055,261
1567,Rindal,2011,157,185,500,161,191,189,554,104,348,374,1054,265
1567,Rindal,2012,168,187,516,155,194,197,549,97,362,384,1065,252
1567,Rindal,2013,164,192,521,143,182,192,550,98,346,384,1071,241
1567,Rindal,2014,166,178,525,142,182,194,541,100,348,372,1066,242
1571,Halsa,1999,149,168,457,145,153,186,490,87,302,354,947,232
1571,Halsa,2000,142,153,450,136,135,188,494,87,277,341,944,223
1571,Halsa,2001,146,149,450,134,132,183,495,81,278,332,945,215
1571,Halsa,2002,140,146,433,140,133,167,490,80,273,313,923,220
1571,Halsa,2003,147,150,438,136,132,167,493,78,279,317,931,214
1571,Halsa,2004,141,135,437,132,124,168,485,77,265,303,922,209
1571,Halsa,2005,134,132,442,125,122,161,489,80,256,293,931,205
1571,Halsa,2006,132,130,446,123,115,158,494,83,247,288,940,206
1571,Halsa,2007,121,130,451,116,113,147,491,82,234,277,942,198
1571,Halsa,2008,126,125,455,116,120,148,488,78,246,273,943,194
1571,Halsa,2009,122,121,446,112,127,140,492,77,249,261,938,189
1571,Halsa,2010,126,123,450,110,132,129,506,65,258,252,956,175
1571,Halsa,2011,122,132,451,112,129,133,498,70,251,265,949,182
1571,Halsa,2012,120,130,453,113,131,120,490,70,251,250,943,183
1571,Halsa,2013,114,123,433,121,133,118,486,67,247,241,919,188
1571,Halsa,2014,113,117,437,116,132,119,473,66,245,236,910,182
1573,Smøla,1999,180,196,628,162,207,253,690,96,387,449,1318,258
1573,Smøla,2000,185,199,633,159,197,247,686,100,382,446,1319,259
1573,Smøla,2001,187,195,625,155,198,249,672,107,385,444,1297,262
1573,Smøla,2002,184,192,611,145,183,234,658,95,367,426,1269,240
1573,Smøla,2003,182,183,594,149,184,206,662,92,366,389,1256,241
1573,Smøla,2004,183,170,588,149,172,201,660,100,355,371,1248,249
1573,Smøla,2005,181,171,570,154,171,188,650,97,352,359,1220,251
1573,Smøla,2006,175,176,571,157,160,180,647,106,335,356,1218,263
1573,Smøla,2007,172,164,565,159,153,184,650,100,325,348,1215,259
1573,Smøla,2008,168,156,564,164,152,179,631,101,320,335,1195,265
1573,Smøla,2009,160,155,574,153,150,181,637,92,310,336,1211,245
1573,Smøla,2010,161,168,576,151,153,187,634,95,314,355,1210,246
1573,Smøla,2011,161,165,570,151,154,179,629,102,315,344,1199,253
1573,Smøla,2012,166,174,581,147,162,181,643,102,328,355,1224,249
1573,Smøla,2013,169,173,584,150,156,179,650,98,325,352,1234,248
1573,Smøla,2014,167,172,586,145,156,181,646,101,323,353,1232,246
1601,Trondheim,1999,13270,15302,39233,6390,13607,15484,38298,3466,26877,30786,77531,9856
1601,Trondheim,2000,13570,15102,39755,6535,13892,15456,38913,3580,27462,30558,78668,10115
1601,Trondheim,2001,13699,15096,40103,6625,14006,15441,39450,3641,27705,30537,79553,10266
1601,Trondheim,2002,13810,15064,40504,6720,14159,15376,39949,3718,27969,30440,80453,10438
1601,Trondheim,2003,13848,15267,40842,6716,14309,15579,40365,3768,28157,30846,81207,10484
1601,Trondheim,2004,13719,15605,41313,6727,14294,15857,41025,3783,28013,31462,82338,10510
1601,Trondheim,2005,13665,15793,41897,6748,14226,16179,41678,3829,27891,31972,83575,10577
1601,Trondheim,2006,13692,16276,42446,6724,14268,16732,42480,3817,27960,33008,84926,10541
1601,Trondheim,2007,13792,17041,43001,6701,14241,17719,43178,3824,28033,34760,86179,10525
1601,Trondheim,2008,13969,17696,43540,6689,14375,18713,44118,3848,28344,36409,87658,10537
1601,Trondheim,2009,14052,18331,44198,6605,14486,19386,44937,3858,28538,37717,89135,10463
1601,Trondheim,2010,14134,18731,44822,6549,14703,19911,45731,3897,28837,38642,90553,10446
1601,Trondheim,2011,14171,19209,45442,6504,14877,20458,46525,3840,29048,39667,91967,10344
1601,Trondheim,2012,14210,19812,46090,6424,15025,21320,47265,3867,29235,41132,93355,10291
1601,Trondheim,2013,14371,20374,46866,6373,15065,22137,48262,3909,29436,42511,95128,10282
1601,Trondheim,2014,14393,20630,47518,6362,15121,22607,49088,4006,29514,43237,96606,10368
1612,Hemne,1999,426,412,1071,217,413,433,1160,130,839,845,2231,347
1612,Hemne,2000,427,398,1082,212,430,422,1166,128,857,820,2248,340
1612,Hemne,2001,451,369,1095,219,442,398,1197,128,893,767,2292,347
1612,Hemne,2002,424,373,1100,214,435,381,1163,135,859,754,2263,349
1612,Hemne,2003,429,374,1108,224,426,386,1173,140,855,760,2281,364
1612,Hemne,2004,430,357,1112,225,427,375,1174,148,857,732,2286,373
1612,Hemne,2005,430,352,1121,227,419,371,1178,148,849,723,2299,375
1612,Hemne,2006,428,352,1126,230,415,369,1175,151,843,721,2301,381
1612,Hemne,2007,403,367,1124,218,399,385,1164,142,802,752,2288,360
1612,Hemne,2008,387,368,1119,213,400,394,1156,152,787,762,2275,365
1612,Hemne,2009,392,357,1132,205,384,399,1156,150,776,756,2288,355
1612,Hemne,2010,371,383,1120,208,370,405,1150,155,741,788,2270,363
1612,Hemne,2011,364,393,1127,215,372,387,1176,151,736,780,2303,366
1612,Hemne,2012,354,387,1139,209,356,396,1171,156,710,783,2310,365
1612,Hemne,2013,354,392,1153,203,362,397,1164,163,716,789,2317,366
1612,Hemne,2014,343,400,1133,211,343,425,1172,156,686,825,2305,367
1613,Snillfjord,1999,90,88,256,91,114,101,298,64,204,189,554,155
1613,Snillfjord,2000,90,85,254,85,109,95,296,65,199,180,550,150
1613,Snillfjord,2001,87,82,249,81,111,95,301,61,198,177,550,142
1613,Snillfjord,2002,87,78,249,74,116,83,300,64,203,161,549,138
1613,Snillfjord,2003,78,71,251,69,116,84,287,59,194,155,538,128
1613,Snillfjord,2004,78,77,250,68,122,77,287,59,200,154,537,127
1613,Snillfjord,2005,82,71,252,70,115,84,287,56,197,155,539,126
1613,Snillfjord,2006,81,72,258,71,122,87,289,56,203,159,547,127
1613,Snillfjord,2007,78,70,254,69,111,87,285,56,189,157,539,125
1613,Snillfjord,2008,79,71,251,70,108,89,288,58,187,160,539,128
1613,Snillfjord,2009,61,70,246,66,105,85,296,55,166,155,542,121
1613,Snillfjord,2010,61,75,251,64,100,96,291,55,161,171,542,119
1613,Snillfjord,2011,63,71,255,60,94,96,285,57,157,167,540,117
1613,Snillfjord,2012,64,69,261,58,90,99,279,55,154,168,540,113
1613,Snillfjord,2013,58,67,259,59,89,104,292,55,147,171,551,114
1613,Snillfjord,2014,55,68,257,55,81,105,296,52,136,173,553,107
1617,Hitra,1999,349,349,1029,265,376,423,1084,142,725,772,2113,407
1617,Hitra,2000,347,332,1032,261,366,420,1092,144,713,752,2124,405
1617,Hitra,2001,362,332,1053,260,359,426,1098,152,721,758,2151,412
1617,Hitra,2002,366,314,1055,257,352,408,1103,150,718,722,2158,407
1617,Hitra,2003,364,310,1071,255,343,392,1120,148,707,702,2191,403
1617,Hitra,2004,366,306,1083,249,371,373,1131,159,737,679,2214,408
1617,Hitra,2005,359,298,1073,256,363,363,1107,164,722,661,2180,420
1617,Hitra,2006,342,304,1097,243,351,367,1116,162,693,671,2213,405
1617,Hitra,2007,335,289,1097,246,346,363,1148,156,681,652,2245,402
1617,Hitra,2008,355,312,1108,242,364,364,1197,157,719,676,2305,399
1617,Hitra,2009,348,319,1113,233,352,364,1230,147,700,683,2343,380
1617,Hitra,2010,333,338,1132,235,353,399,1273,153,686,737,2405,388
1617,Hitra,2011,328,353,1146,230,361,430,1297,159,689,783,2443,389
1617,Hitra,2012,314,372,1160,229,363,418,1350,153,677,790,2510,382
1617,Hitra,2013,314,397,1175,221,369,425,1390,148,683,822,2565,369
1617,Hitra,2014,305,422,1187,221,360,440,1403,145,665,862,2590,366
1620,Frøya,1999,368,384,1024,249,341,422,1108,163,709,806,2132,412
1620,Frøya,2000,380,377,1024,254,348,404,1112,164,728,781,2136,418
1620,Frøya,2001,371,375,1027,251,360,398,1121,163,731,773,2148,414
1620,Frøya,2002,378,369,1024,248,364,388,1114,169,742,757,2138,417
1620,Frøya,2003,384,379,1039,255,370,387,1127,159,754,766,2166,414
1620,Frøya,2004,374,369,1039,256,365,370,1132,164,739,739,2171,420
1620,Frøya,2005,361,370,1035,266,367,375,1122,175,728,745,2157,441
1620,Frøya,2006,366,340,1041,265,364,347,1124,170,730,687,2165,435
1620,Frøya,2007,361,339,1043,270,358,338,1138,171,719,677,2181,441
1620,Frøya,2008,357,385,1045,275,352,355,1156,172,709,740,2201,447
1620,Frøya,2009,359,367,1072,266,349,379,1190,180,708,746,2262,446
1620,Frøya,2010,367,381,1083,264,354,416,1217,185,721,797,2300,449
1620,Frøya,2011,357,393,1094,259,355,398,1238,177,712,791,2332,436
1620,Frøya,2012,342,406,1115,248,364,413,1259,175,706,819,2374,423
1620,Frøya,2013,351,440,1125,246,373,452,1295,171,724,892,2420,417
1620,Frøya,2014,347,451,1140,237,364,450,1334,172,711,901,2474,409
1621,Ørland,1999,517,490,1267,219,549,455,1346,132,1066,945,2613,351
1621,Ørland,2000,500,492,1285,215,556,426,1362,131,1056,918,2647,346
1621,Ørland,2001,506,484,1297,222,559,422,1365,133,1065,906,2662,355
1621,Ørland,2002,509,465,1328,220,556,435,1369,139,1065,900,2697,359
1621,Ørland,2003,510,467,1333,218,538,469,1382,137,1048,936,2715,355
1621,Ørland,2004,516,475,1359,218,534,483,1379,143,1050,958,2738,361
1621,Ørland,2005,504,469,1358,223,515,504,1366,145,1019,973,2724,368
1621,Ørland,2006,484,464,1365,221,491,495,1389,143,975,959,2754,364
1621,Ørland,2007,459,471,1366,232,494,477,1386,150,953,948,2752,382
1621,Ørland,2008,446,435,1354,230,469,480,1400,152,915,915,2754,382
1621,Ørland,2009,426,453,1343,237,456,510,1391,162,882,963,2734,399
1621,Ørland,2010,436,468,1361,242,448,551,1396,165,884,1019,2757,407
1621,Ørland,2011,428,457,1384,236,442,564,1404,169,870,1021,2788,405
1621,Ørland,2012,412,477,1361,246,417,550,1419,176,829,1027,2780,422
1621,Ørland,2013,407,513,1371,246,423,564,1404,184,830,1077,2775,430
1621,Ørland,2014,398,499,1391,251,415,556,1408,186,813,1055,2799,437
1622,Agdenes,1999,159,167,441,110,157,167,488,85,316,334,929,195
1622,Agdenes,2000,169,161,446,104,154,161,490,77,323,322,936,181
1622,Agdenes,2001,169,161,451,109,166,157,498,78,335,318,949,187
1622,Agdenes,2002,173,155,463,115,161,158,491,81,334,313,954,196
1622,Agdenes,2003,169,153,469,119,160,152,488,88,329,305,957,207
1622,Agdenes,2004,165,150,457,123,159,148,484,94,324,298,941,217
1622,Agdenes,2005,165,153,460,125,154,155,477,99,319,308,937,224
1622,Agdenes,2006,158,154,455,122,151,155,474,97,309,309,929,219
1622,Agdenes,2007,154,159,459,118,152,152,469,104,306,311,928,222
1622,Agdenes,2008,141,153,453,125,145,159,465,101,286,312,918,226
1622,Agdenes,2009,136,151,448,120,139,164,457,103,275,315,905,223
1622,Agdenes,2010,128,149,455,123,126,166,466,96,254,315,921,219
1622,Agdenes,2011,134,156,445,124,129,173,474,94,263,329,919,218
1622,Agdenes,2012,125,146,436,132,119,179,478,87,244,325,914,219
1622,Agdenes,2013,122,146,437,131,118,175,482,89,240,321,919,220
1622,Agdenes,2014,124,151,445,131,124,169,496,90,248,320,941,221
1624,Rissa,1999,576,613,1538,410,618,696,1649,260,1194,1309,3187,670
1624,Rissa,2000,600,602,1545,422,634,691,1677,248,1234,1293,3222,670
1624,Rissa,2001,623,569,1562,422,646,663,1686,247,1269,1232,3248,669
1624,Rissa,2002,608,545,1573,421,653,640,1699,238,1261,1185,3272,659
1624,Rissa,2003,608,525,1589,413,651,588,1681,250,1259,1113,3270,663
1624,Rissa,2004,609,499,1628,395,672,565,1696,249,1281,1064,3324,644
1624,Rissa,2005,595,529,1631,402,667,570,1709,269,1262,1099,3340,671
1624,Rissa,2006,579,528,1614,405,662,565,1745,257,1241,1093,3359,662
1624,Rissa,2007,559,505,1652,375,649,568,1741,255,1208,1073,3393,630
1624,Rissa,2008,553,506,1658,367,631,549,1782,257,1184,1055,3440,624
1624,Rissa,2009,556,516,1672,367,622,560,1788,242,1178,1076,3460,609
1624,Rissa,2010,548,513,1703,361,600,584,1819,238,1148,1097,3522,599
1624,Rissa,2011,547,554,1701,350,600,638,1848,238,1147,1192,3549,588
1624,Rissa,2012,550,548,1714,351,604,609,1855,250,1154,1157,3569,601
1624,Rissa,2013,541,557,1717,353,604,626,1953,243,1145,1183,3670,596
1624,Rissa,2014,518,576,1725,343,591,622,1957,243,1109,1198,3682,586
1627,Bjugn,1999,423,444,1199,255,414,462,1273,175,837,906,2472,430
1627,Bjugn,2000,439,437,1219,253,405,459,1263,175,844,896,2482,428
1627,Bjugn,2001,442,431,1212,253,400,440,1263,174,842,871,2475,427
1627,Bjugn,2002,466,394,1229,256,412,427,1269,170,878,821,2498,426
1627,Bjugn,2003,452,391,1221,266,414,417,1283,174,866,808,2504,440
1627,Bjugn,2004,446,398,1231,262,428,419,1311,176,874,817,2542,438
1627,Bjugn,2005,435,389,1238,274,417,405,1301,179,852,794,2539,453
1627,Bjugn,2006,408,391,1237,270,396,406,1305,178,804,797,2542,448
1627,Bjugn,2007,406,375,1227,268,375,396,1288,182,781,771,2515,450
1627,Bjugn,2008,389,388,1249,262,389,388,1307,178,778,776,2556,440
1627,Bjugn,2009,360,396,1242,255,383,391,1286,172,743,787,2528,427
1627,Bjugn,2010,366,407,1241,253,393,377,1300,166,759,784,2541,419
1627,Bjugn,2011,369,411,1244,251,383,381,1309,163,752,792,2553,414
1627,Bjugn,2012,373,407,1265,245,379,386,1302,170,752,793,2567,415
1627,Bjugn,2013,370,402,1293,248,392,399,1326,170,762,801,2619,418
1627,Bjugn,2014,379,420,1279,249,407,408,1338,184,786,828,2617,433
1630,Åfjord,1999,285,300,852,198,351,337,936,115,636,637,1788,313
1630,Åfjord,2000,287,287,859,201,348,313,952,117,635,600,1811,318
1630,Åfjord,2001,293,278,857,203,344,306,952,121,637,584,1809,324
1630,Åfjord,2002,291,257,865,207,340,285,965,121,631,542,1830,328
1630,Åfjord,2003,294,237,868,203,337,285,960,124,631,522,1828,327
1630,Åfjord,2004,278,224,872,212,341,272,965,123,619,496,1837,335
1630,Åfjord,2005,274,226,866,215,345,281,965,132,619,507,1831,347
1630,Åfjord,2006,267,224,875,209,342,269,968,138,609,493,1843,347
1630,Åfjord,2007,256,220,867,203,319,266,948,148,575,486,1815,351
1630,Åfjord,2008,259,216,872,197,308,266,943,145,567,482,1815,342
1630,Åfjord,2009,253,224,872,199,305,276,934,155,558,500,1806,354
1630,Åfjord,2010,246,221,869,205,285,293,931,153,531,514,1800,358
1630,Åfjord,2011,237,232,869,209,279,298,934,155,516,530,1803,364
1630,Åfjord,2012,230,250,872,209,269,322,930,154,499,572,1802,363
1630,Åfjord,2013,228,241,876,218,255,327,918,150,483,568,1794,368
1630,Åfjord,2014,221,244,883,225,243,338,910,147,464,582,1793,372
1632,Roan,1999,107,94,282,81,89,113,306,65,196,207,588,146
1632,Roan,2000,105,82,280,78,89,107,298,71,194,189,578,149
1632,Roan,2001,106,88,281,76,87,102,301,76,193,190,582,152
1632,Roan,2002,111,76,284,77,80,94,306,74,191,170,590,151
1632,Roan,2003,101,75,281,77,80,87,303,74,181,162,584,151
1632,Roan,2004,102,68,276,78,83,88,300,73,185,156,576,151
1632,Roan,2005,99,72,278,79,78,91,300,66,177,163,578,145
1632,Roan,2006,102,73,281,77,78,87,296,65,180,160,577,142
1632,Roan,2007,93,71,276,73,72,84,289,64,165,155,565,137
1632,Roan,2008,87,76,259,77,72,76,291,61,159,152,550,138
1632,Roan,2009,86,79,267,74,69,83,285,60,155,162,552,134
1632,Roan,2010,74,80,270,70,67,78,291,59,141,158,561,129
1632,Roan,2011,68,84,273,65,72,78,298,53,140,162,571,118
1632,Roan,2012,56,90,268,65,66,84,302,48,122,174,570,113
1632,Roan,2013,54,92,270,67,71,78,308,47,125,170,578,114
1632,Roan,2014,58,86,273,64,73,85,300,39,131,171,573,103
1633,Osen,1999,109,115,286,83,97,113,318,69,206,228,604,152
1633,Osen,2000,107,117,279,86,91,114,318,65,198,231,597,151
1633,Osen,2001,108,114,274,90,94,106,313,67,202,220,587,157
1633,Osen,2002,101,106,278,85,90,108,310,66,191,214,588,151
1633,Osen,2003,87,103,267,81,77,108,303,63,164,211,570,144
1633,Osen,2004,84,91,261,72,76,101,303,60,160,192,564,132
1633,Osen,2005,87,86,266,69,78,87,308,61,165,173,574,130
1633,Osen,2006,91,80,270,70,75,89,308,59,166,169,578,129
1633,Osen,2007,83,82,267,70,84,87,309,60,167,169,576,130
1633,Osen,2008,84,68,266,76,77,85,314,58,161,153,580,134
1633,Osen,2009,83,66,262,74,76,84,314,59,159,150,576,133
1633,Osen,2010,85,73,259,74,77,79,315,58,162,152,574,132
1633,Osen,2011,84,70,262,74,78,82,309,56,162,152,571,130
1633,Osen,2012,77,69,268,71,81,78,309,58,158,147,577,129
1633,Osen,2013,76,72,268,61,75,77,312,61,151,149,580,122
1633,Osen,2014,71,75,262,62,79,76,302,67,150,151,564,129
1634,Oppdal,1999,578,584,1613,335,599,601,1645,201,1177,1185,3258,536
1634,Oppdal,2000,592,568,1634,346,610,600,1663,205,1202,1168,3297,551
1634,Oppdal,2001,596,568,1652,335,621,603,1661,211,1217,1171,3313,546
1634,Oppdal,2002,616,547,1682,338,637,598,1690,200,1253,1145,3372,538
1634,Oppdal,2003,620,549,1721,342,634,578,1713,200,1254,1127,3434,542
1634,Oppdal,2004,610,543,1742,344,640,580,1718,201,1250,1123,3460,545
1634,Oppdal,2005,603,550,1754,352,638,579,1729,203,1241,1129,3483,555
1634,Oppdal,2006,585,572,1768,349,632,576,1745,207,1217,1148,3513,556
1634,Oppdal,2007,593,566,1782,352,627,588,1757,209,1220,1154,3539,561
1634,Oppdal,2008,582,558,1795,353,617,605,1778,209,1199,1163,3573,562
1634,Oppdal,2009,576,584,1811,360,604,607,1810,213,1180,1191,3621,573
1634,Oppdal,2010,558,582,1818,339,599,602,1826,219,1157,1184,3644,558
1634,Oppdal,2011,563,593,1837,345,598,627,1823,229,1161,1220,3660,574
1634,Oppdal,2012,569,595,1853,348,583,644,1843,238,1152,1239,3696,586
1634,Oppdal,2013,582,608,1864,334,587,637,1880,237,1169,1245,3744,571
1634,Oppdal,2014,554,625,1873,340,565,645,1898,242,1119,1270,3771,582
1635,Rennebu,1999,233,218,718,191,267,250,711,124,500,468,1429,315
1635,Rennebu,2000,239,201,719,195,259,233,717,110,498,434,1436,305
1635,Rennebu,2001,230,210,703,202,265,239,710,115,495,449,1413,317
1635,Rennebu,2002,227,211,692,195,257,241,710,118,484,452,1402,313
1635,Rennebu,2003,218,219,687,201,257,231,721,107,475,450,1408,308
1635,Rennebu,2004,219,204,704,190,256,227,725,103,475,431,1429,293
1635,Rennebu,2005,229,205,702,194,244,230,723,106,473,435,1425,300
1635,Rennebu,2006,232,207,699,186,237,236,727,106,469,443,1426,292
1635,Rennebu,2007,213,214,699,181,229,225,728,112,442,439,1427,293
1635,Rennebu,2008,192,197,708,180,237,212,725,120,429,409,1433,300
1635,Rennebu,2009,201,200,721,178,227,225,727,122,428,425,1448,300
1635,Rennebu,2010,200,200,717,176,227,233,733,116,427,433,1450,292
1635,Rennebu,2011,200,199,717,179,221,238,728,121,421,437,1445,300
1635,Rennebu,2012,202,177,719,164,213,236,725,118,415,413,1444,282
1635,Rennebu,2013,186,182,703,159,205,246,728,111,391,428,1431,270
1635,Rennebu,2014,184,210,693,149,207,241,736,116,391,451,1429,265
1636,Meldal,1999,316,347,1006,334,320,368,1077,187,636,715,2083,521
1636,Meldal,2000,316,331,1020,340,323,375,1059,191,639,706,2079,531
1636,Meldal,2001,327,319,1036,341,328,367,1074,189,655,686,2110,530
1636,Meldal,2002,329,303,1032,332,323,345,1090,196,652,648,2122,528
1636,Meldal,2003,339,310,1032,329,308,340,1088,206,647,650,2120,535
1636,Meldal,2004,327,313,1020,317,315,336,1076,212,642,649,2096,529
1636,Meldal,2005,325,301,1030,314,304,334,1083,208,629,635,2113,522
1636,Meldal,2006,325,287,1017,318,303,311,1088,218,628,598,2105,536
1636,Meldal,2007,327,284,1020,321,295,324,1087,215,622,608,2107,536
1636,Meldal,2008,312,293,1008,310,292,334,1082,210,604,627,2090,520
1636,Meldal,2009,322,299,1012,307,284,340,1100,202,606,639,2112,509
1636,Meldal,2010,314,302,1024,299,290,348,1114,197,604,650,2138,496
1636,Meldal,2011,310,313,1030,283,281,343,1106,189,591,656,2136,472
1636,Meldal,2012,313,325,1042,274,287,352,1117,182,600,677,2159,456
1636,Meldal,2013,307,353,1045,261,295,372,1116,171,602,725,2161,432
1636,Meldal,2014,310,356,1037,252,302,363,1130,175,612,719,2167,427
1638,Orkdal,1999,871,959,2691,542,957,1045,2628,348,1828,2004,5319,890
1638,Orkdal,2000,910,933,2709,544,962,1045,2676,337,1872,1978,5385,881
1638,Orkdal,2001,923,938,2759,532,975,1022,2695,339,1898,1960,5454,871
1638,Orkdal,2002,918,942,2788,552,1002,1011,2721,334,1920,1953,5509,886
1638,Orkdal,2003,920,902,2834,530,984,1010,2784,309,1904,1912,5618,839
1638,Orkdal,2004,899,948,2846,527,984,1018,2806,313,1883,1966,5652,840
1638,Orkdal,2005,880,960,2859,527,975,1029,2850,311,1855,1989,5709,838
1638,Orkdal,2006,886,954,2910,530,992,1028,2902,309,1878,1982,5812,839
1638,Orkdal,2007,895,993,2924,536,1001,1049,2942,320,1896,2042,5866,856
1638,Orkdal,2008,914,1024,2974,539,1012,1092,2977,334,1926,2116,5951,873
1638,Orkdal,2009,909,1043,3000,538,1042,1096,3025,345,1951,2139,6025,883
1638,Orkdal,2010,929,1031,3035,537,1061,1092,3070,352,1990,2123,6105,889
1638,Orkdal,2011,953,1041,3073,527,1091,1088,3113,352,2044,2129,6186,879
1638,Orkdal,2012,962,1040,3088,516,1071,1099,3176,341,2033,2139,6264,857
1638,Orkdal,2013,988,1015,3150,519,1090,1056,3242,339,2078,2071,6392,858
1638,Orkdal,2014,997,1004,3195,531,1081,1056,3272,350,2078,2060,6467,881
1640,Røros,1999,448,472,1441,385,477,527,1478,230,925,999,2919,615
1640,Røros,2000,458,460,1472,380,491,498,1493,219,949,958,2965,599
1640,Røros,2001,478,469,1479,365,502,505,1504,214,980,974,2983,579
1640,Røros,2002,487,459,1508,357,502,513,1520,206,989,972,3028,563
1640,Røros,2003,489,443,1519,351,496,498,1535,210,985,941,3054,561
1640,Røros,2004,497,437,1529,357,497,509,1541,213,994,946,3070,570
1640,Røros,2005,483,443,1550,358,518,478,1552,207,1001,921,3102,565
1640,Røros,2006,475,441,1562,361,502,488,1548,209,977,929,3110,570
1640,Røros,2007,485,434,1591,355,488,466,1570,217,973,900,3161,572
1640,Røros,2008,487,427,1584,356,470,478,1553,221,957,905,3137,577
1640,Røros,2009,464,420,1577,343,453,472,1542,233,917,892,3119,576
1640,Røros,2010,443,433,1582,343,457,473,1565,221,900,906,3147,564
1640,Røros,2011,445,457,1590,324,448,480,1571,217,893,937,3161,541
1640,Røros,2012,417,481,1614,318,436,508,1558,225,853,989,3172,543
1640,Røros,2013,401,474,1624,313,432,507,1576,218,833,981,3200,531
1640,Røros,2014,394,488,1627,309,416,504,1581,227,810,992,3208,536
1644,Holtålen,1999,183,196,563,200,166,188,593,142,349,384,1156,342
1644,Holtålen,2000,188,187,564,198,176,185,589,131,364,372,1153,329
1644,Holtålen,2001,193,165,558,199,176,179,585,125,369,344,1143,324
1644,Holtålen,2002,183,175,561,189,177,174,594,122,360,349,1155,311
1644,Holtålen,2003,184,170,569,175,184,164,603,113,368,334,1172,288
1644,Holtålen,2004,188,160,571,175,180,156,616,104,368,316,1187,279
1644,Holtålen,2005,178,157,563,163,176,161,615,100,354,318,1178,263
1644,Holtålen,2006,175,149,564,157,168,153,601,103,343,302,1165,260
1644,Holtålen,2007,161,152,565,146,165,156,600,103,326,308,1165,249
1644,Holtålen,2008,163,166,563,147,164,149,598,101,327,315,1161,248
1644,Holtålen,2009,159,161,562,139,157,162,604,94,316,323,1166,233
1644,Holtålen,2010,161,178,562,133,153,158,609,93,314,336,1171,226
1644,Holtålen,2011,166,170,571,122,150,154,613,90,316,324,1184,212
1644,Holtålen,2012,154,171,565,117,143,156,601,92,297,327,1166,209
1644,Holtålen,2013,159,170,566,113,142,164,607,96,301,334,1173,209
1644,Holtålen,2014,161,174,567,115,126,175,598,99,287,349,1165,214
1648,Midtre Gauldal,1999,495,518,1405,405,547,573,1487,266,1042,1091,2892,671
1648,Midtre Gauldal,2000,505,504,1422,392,569,568,1492,261,1074,1072,2914,653
1648,Midtre Gauldal,2001,514,476,1455,393,571,550,1504,250,1085,1026,2959,643
1648,Midtre Gauldal,2002,528,459,1461,383,580,557,1538,240,1108,1016,2999,623
1648,Midtre Gauldal,2003,537,461,1450,376,598,539,1552,237,1135,1000,3002,613
1648,Midtre Gauldal,2004,539,461,1468,372,572,549,1559,232,1111,1010,3027,604
1648,Midtre Gauldal,2005,524,463,1477,374,567,555,1552,233,1091,1018,3029,607
1648,Midtre Gauldal,2006,508,489,1489,377,564,566,1577,233,1072,1055,3066,610
1648,Midtre Gauldal,2007,517,483,1502,377,558,571,1603,233,1075,1054,3105,610
1648,Midtre Gauldal,2008,498,514,1509,373,539,569,1593,245,1037,1083,3102,618
1648,Midtre Gauldal,2009,473,549,1536,356,535,579,1610,249,1008,1128,3146,605
1648,Midtre Gauldal,2010,469,570,1556,350,526,615,1619,250,995,1185,3175,600
1648,Midtre Gauldal,2011,466,582,1563,329,517,641,1614,238,983,1223,3177,567
1648,Midtre Gauldal,2012,472,603,1617,319,519,655,1654,240,991,1258,3271,559
1648,Midtre Gauldal,2013,478,610,1670,310,518,655,1701,243,996,1265,3371,553
1648,Midtre Gauldal,2014,484,633,1694,314,515,675,1734,241,999,1308,3428,555
1653,Melhus,1999,1286,1306,3262,517,1344,1416,3405,336,2630,2722,6667,853
1653,Melhus,2000,1317,1267,3308,523,1394,1378,3482,326,2711,2645,6790,849
1653,Melhus,2001,1321,1247,3378,522,1435,1337,3544,325,2756,2584,6922,847
1653,Melhus,2002,1337,1265,3428,518,1478,1303,3603,328,2815,2568,7031,846
1653,Melhus,2003,1355,1231,3523,513,1496,1291,3674,330,2851,2522,7197,843
1653,Melhus,2004,1376,1235,3582,528,1490,1262,3762,342,2866,2497,7344,870
1653,Melhus,2005,1377,1262,3661,537,1534,1250,3827,349,2911,2512,7488,886
1653,Melhus,2006,1356,1299,3722,538,1559,1275,3883,365,2915,2574,7605,903
1653,Melhus,2007,1357,1302,3778,536,1562,1263,3947,356,2919,2565,7725,892
1653,Melhus,2008,1386,1307,3793,539,1569,1284,4052,369,2955,2591,7845,908
1653,Melhus,2009,1370,1333,3802,552,1555,1353,4142,362,2925,2686,7944,914
1653,Melhus,2010,1364,1369,3857,569,1561,1410,4165,364,2925,2779,8022,933
1653,Melhus,2011,1401,1364,3939,566,1550,1447,4197,368,2951,2811,8136,934
1653,Melhus,2012,1420,1424,3977,583,1561,1537,4308,377,2981,2961,8285,960
1653,Melhus,2013,1454,1438,4073,603,1550,1580,4407,381,3004,3018,8480,984
1653,Melhus,2014,1467,1467,4125,630,1539,1578,4436,393,3006,3045,8561,1023
1657,Skaun,1999,639,563,1448,226,600,566,1526,174,1239,1129,2974,400
1657,Skaun,2000,639,543,1471,228,605,539,1558,184,1244,1082,3029,412
1657,Skaun,2001,637,532,1478,243,611,533,1572,184,1248,1065,3050,427
1657,Skaun,2002,628,536,1492,244,603,542,1590,200,1231,1078,3082,444
1657,Skaun,2003,660,538,1514,236,627,523,1629,201,1287,1061,3143,437
1657,Skaun,2004,647,515,1535,242,625,527,1650,190,1272,1042,3185,432
1657,Skaun,2005,627,537,1554,239,618,536,1680,186,1245,1073,3234,425
1657,Skaun,2006,626,545,1577,242,628,542,1714,190,1254,1087,3291,432
1657,Skaun,2007,626,549,1598,235,620,567,1742,182,1246,1116,3340,417
1657,Skaun,2008,618,568,1638,228,642,575,1771,182,1260,1143,3409,410
1657,Skaun,2009,644,566,1668,231,666,581,1794,191,1310,1147,3462,422
1657,Skaun,2010,660,610,1724,221,699,591,1835,193,1359,1201,3559,414
1657,Skaun,2011,664,604,1764,223,724,603,1867,189,1388,1207,3631,412
1657,Skaun,2012,690,630,1817,219,746,621,1920,188,1436,1251,3737,407
1657,Skaun,2013,706,636,1853,219,774,665,1994,188,1480,1301,3847,407
1657,Skaun,2014,722,663,1914,225,820,657,2084,199,1542,1320,3998,424
1662,Klæbu,1999,579,471,1203,133,565,492,1259,66,1144,963,2462,199
1662,Klæbu,2000,600,468,1213,113,571,475,1295,68,1171,943,2508,181
1662,Klæbu,2001,604,472,1251,101,595,484,1340,62,1199,956,2591,163
1662,Klæbu,2002,627,458,1272,99,630,473,1368,63,1257,931,2640,162
1662,Klæbu,2003,629,471,1316,101,662,480,1391,70,1291,951,2707,171
1662,Klæbu,2004,623,473,1346,112,669,462,1425,72,1292,935,2771,184
1662,Klæbu,2005,618,465,1361,116,665,475,1430,74,1283,940,2791,190
1662,Klæbu,2006,618,479,1378,119,661,491,1460,76,1279,970,2838,195
1662,Klæbu,2007,620,502,1403,116,645,529,1496,79,1265,1031,2899,195
1662,Klæbu,2008,619,511,1441,118,665,528,1515,80,1284,1039,2956,198
1662,Klæbu,2009,630,509,1474,123,677,550,1516,77,1307,1059,2990,200
1662,Klæbu,2010,642,554,1500,122,694,572,1550,84,1336,1126,3050,206
1662,Klæbu,2011,640,568,1539,120,702,581,1570,93,1342,1149,3109,213
1662,Klæbu,2012,632,577,1561,125,690,572,1620,94,1322,1149,3181,219
1662,Klæbu,2013,615,584,1567,130,664,595,1607,97,1279,1179,3174,227
1662,Klæbu,2014,610,585,1571,133,668,610,1632,101,1278,1195,3203,234
1663,Malvik,1999,1179,1024,2809,331,1240,1068,2927,209,2419,2092,5736,540
1663,Malvik,2000,1212,988,2874,336,1269,1088,2999,210,2481,2076,5873,546
1663,Malvik,2001,1227,993,2953,331,1292,1084,3050,221,2519,2077,6003,552
1663,Malvik,2002,1237,991,3019,338,1327,1043,3126,223,2564,2034,6145,561
1663,Malvik,2003,1312,1013,3106,343,1358,1023,3196,227,2670,2036,6302,570
1663,Malvik,2004,1321,1000,3147,350,1351,1062,3268,230,2672,2062,6415,580
1663,Malvik,2005,1327,1007,3239,340,1377,1049,3371,224,2704,2056,6610,564
1663,Malvik,2006,1335,990,3299,331,1386,1066,3423,230,2721,2056,6722,561
1663,Malvik,2007,1330,1005,3329,331,1368,1115,3441,237,2698,2120,6770,568
1663,Malvik,2008,1308,1020,3342,335,1380,1134,3479,238,2688,2154,6821,573
1663,Malvik,2009,1297,1032,3354,333,1358,1134,3532,242,2655,2166,6886,575
1663,Malvik,2010,1277,1055,3405,323,1359,1158,3575,246,2636,2213,6980,569
1663,Malvik,2011,1295,1078,3448,330,1337,1186,3574,255,2632,2264,7022,585
1663,Malvik,2012,1290,1124,3460,337,1334,1218,3612,259,2624,2342,7072,596
1663,Malvik,2013,1302,1134,3555,354,1348,1258,3703,265,2650,2392,7258,619
1663,Malvik,2014,1294,1204,3607,361,1387,1281,3789,278,2681,2485,7396,639
1664,Selbu,1999,305,360,996,258,387,358,1058,199,692,718,2054,457
1664,Selbu,2000,308,365,974,262,374,363,1054,188,682,728,2028,450
1664,Selbu,2001,317,370,976,271,381,376,1065,193,698,746,2041,464
1664,Selbu,2002,310,344,991,269,377,367,1061,192,687,711,2052,461
1664,Selbu,2003,307,351,1009,269,385,360,1061,193,692,711,2070,462
1664,Selbu,2004,302,341,1005,272,369,354,1066,201,671,695,2071,473
1664,Selbu,2005,306,341,1014,264,371,350,1088,203,677,691,2102,467
1664,Selbu,2006,310,333,1009,261,373,345,1091,185,683,678,2100,446
1664,Selbu,2007,315,315,1020,255,362,354,1088,181,677,669,2108,436
1664,Selbu,2008,323,324,1024,266,360,362,1100,187,683,686,2124,453
1664,Selbu,2009,326,324,1032,254,377,353,1124,182,703,677,2156,436
1664,Selbu,2010,327,324,1043,248,363,353,1143,164,690,677,2186,412
1664,Selbu,2011,319,301,1057,251,356,368,1142,168,675,669,2199,419
1664,Selbu,2012,331,309,1069,252,356,376,1148,171,687,685,2217,423
1664,Selbu,2013,322,313,1063,245,343,376,1167,165,665,689,2230,410
1664,Selbu,2014,307,314,1066,246,346,390,1152,172,653,704,2218,418
1665,Tydal,1999,97,86,258,48,100,82,248,46,197,168,506,94
1665,Tydal,2000,92,78,256,45,102,81,240,44,194,159,496,89
1665,Tydal,2001,89,77,255,50,96,79,239,45,185,156,494,95
1665,Tydal,2002,87,72,252,46,93,76,239,42,180,148,491,88
1665,Tydal,2003,84,69,255,47,91,72,241,42,175,141,496,89
1665,Tydal,2004,74,71,254,48,85,74,245,41,159,145,499,89
1665,Tydal,2005,75,78,250,50,79,78,244,40,154,156,494,90
1665,Tydal,2006,75,75,239,52,75,75,236,44,150,150,475,96
1665,Tydal,2007,67,74,230,57,73,77,229,49,140,151,459,106
1665,Tydal,2008,66,74,227,57,70,81,224,50,136,155,451,107
1665,Tydal,2009,61,73,233,55,66,88,224,52,127,161,457,107
1665,Tydal,2010,57,76,232,58,65,90,228,48,122,166,460,106
1665,Tydal,2011,58,81,231,61,60,93,227,49,118,174,458,110
1665,Tydal,2012,55,91,229,64,59,96,228,44,114,187,457,108
1665,Tydal,2013,55,87,229,67,53,100,222,47,108,187,451,114
1665,Tydal,2014,55,79,232,67,52,93,223,49,107,172,455,116
1702,Steinkjer,1999,1850,1859,5419,977,1948,1963,5441,653,3798,3822,10860,1630
1702,Steinkjer,2000,1861,1820,5471,1006,1961,1913,5498,687,3822,3733,10969,1693
1702,Steinkjer,2001,1878,1793,5529,1019,1994,1852,5521,717,3872,3645,11050,1736
1702,Steinkjer,2002,1903,1720,5583,1016,1985,1804,5540,719,3888,3524,11123,1735
1702,Steinkjer,2003,1888,1690,5576,1048,1941,1775,5546,738,3829,3465,11122,1786
1702,Steinkjer,2004,1882,1706,5559,1063,1913,1802,5560,764,3795,3508,11119,1827
1702,Steinkjer,2005,1865,1730,5564,1081,1867,1870,5590,760,3732,3600,11154,1841
1702,Steinkjer,2006,1810,1739,5547,1093,1815,1895,5574,771,3625,3634,11121,1864
1702,Steinkjer,2007,1811,1768,5580,1107,1832,1926,5636,766,3643,3694,11216,1873
1702,Steinkjer,2008,1775,1787,5636,1102,1823,1937,5652,759,3598,3724,11288,1861
1702,Steinkjer,2009,1739,1826,5672,1108,1789,1982,5732,757,3528,3808,11404,1865
1702,Steinkjer,2010,1742,1830,5727,1105,1829,2031,5779,779,3571,3861,11506,1884
1702,Steinkjer,2011,1739,1878,5740,1105,1829,2021,5830,770,3568,3899,11570,1875
1702,Steinkjer,2012,1733,1954,5779,1080,1827,2074,5881,768,3560,4028,11660,1848
1702,Steinkjer,2013,1721,1972,5789,1085,1816,2101,5932,767,3537,4073,11721,1852
1702,Steinkjer,2014,1711,2011,5794,1095,1830,2132,5956,777,3541,4143,11750,1872
1703,Namsos,1999,1175,1250,3153,605,1176,1264,3106,351,2351,2514,6259,956
1703,Namsos,2000,1201,1213,3179,614,1204,1222,3161,355,2405,2435,6340,969
1703,Namsos,2001,1193,1190,3203,620,1226,1207,3199,370,2419,2397,6402,990
1703,Namsos,2002,1181,1170,3227,620,1260,1165,3197,378,2441,2335,6424,998
1703,Namsos,2003,1213,1104,3261,633,1303,1116,3216,374,2516,2220,6477,1007
1703,Namsos,2004,1209,1092,3307,628,1313,1124,3232,371,2522,2216,6539,999
1703,Namsos,2005,1229,1110,3312,643,1283,1141,3244,370,2512,2251,6556,1013
1703,Namsos,2006,1212,1141,3332,640,1297,1175,3250,382,2509,2316,6582,1022
1703,Namsos,2007,1194,1151,3331,637,1271,1172,3283,377,2465,2323,6614,1014
1703,Namsos,2008,1193,1165,3346,631,1264,1193,3287,377,2457,2358,6633,1008
1703,Namsos,2009,1190,1207,3365,643,1261,1225,3309,373,2451,2432,6674,1016
1703,Namsos,2010,1196,1228,3396,641,1258,1234,3309,373,2454,2462,6705,1014
1703,Namsos,2011,1190,1268,3404,627,1267,1275,3344,364,2457,2543,6748,991
1703,Namsos,2012,1177,1277,3424,614,1280,1278,3387,374,2457,2555,6811,988
1703,Namsos,2013,1148,1297,3467,599,1254,1320,3385,378,2402,2617,6852,977
1703,Namsos,2014,1131,1300,3489,600,1250,1372,3393,382,2381,2672,6882,982
1711,Meråker,1999,218,207,664,213,226,236,678,121,444,443,1342,334
1711,Meråker,2000,233,206,672,218,234,240,677,123,467,446,1349,341
1711,Meråker,2001,232,205,669,220,233,223,684,113,465,428,1353,333
1711,Meråker,2002,214,212,665,219,220,210,682,112,434,422,1347,331
1711,Meråker,2003,222,200,671,215,225,204,679,119,447,404,1350,334
1711,Meråker,2004,221,213,644,215,216,205,678,122,437,418,1322,337
1711,Meråker,2005,220,228,650,203,223,212,671,122,443,440,1321,325
1711,Meråker,2006,210,219,644,203,223,214,669,123,433,433,1313,326
1711,Meråker,2007,204,221,651,195,214,206,681,113,418,427,1332,308
1711,Meråker,2008,199,217,653,193,211,204,694,111,410,421,1347,304
1711,Meråker,2009,196,211,654,192,204,198,698,111,400,409,1352,303
1711,Meråker,2010,197,209,661,184,198,202,696,110,395,411,1357,294
1711,Meråker,2011,188,222,680,174,189,220,707,104,377,442,1387,278
1711,Meråker,2012,186,228,681,167,185,232,713,102,371,460,1394,269
1711,Meråker,2013,184,223,684,168,181,235,715,95,365,458,1399,263
1711,Meråker,2014,186,227,686,159,190,240,730,101,376,467,1416,260
1714,Stjørdal,1999,1682,1805,4563,791,1835,1915,4742,523,3517,3720,9305,1314
1714,Stjørdal,2000,1720,1780,4637,796,1862,1861,4803,528,3582,3641,9440,1324
1714,Stjørdal,2001,1771,1760,4725,803,1899,1838,4893,527,3670,3598,9618,1330
1714,Stjørdal,2002,1778,1750,4865,820,1941,1771,5023,526,3719,3521,9888,1346
1714,Stjørdal,2003,1806,1730,4964,834,1985,1734,5140,509,3791,3464,10104,1343
1714,Stjørdal,2004,1827,1719,5077,837,2009,1722,5244,517,3836,3441,10321,1354
1714,Stjørdal,2005,1927,1732,5190,830,2052,1725,5341,528,3979,3457,10531,1358
1714,Stjørdal,2006,1954,1736,5325,827,2069,1786,5424,531,4023,3522,10749,1358
1714,Stjørdal,2007,1998,1776,5417,828,2102,1826,5546,518,4100,3602,10963,1346
1714,Stjørdal,2008,2017,1783,5488,841,2157,1866,5662,533,4174,3649,11150,1374
1714,Stjørdal,2009,2040,1826,5570,853,2168,1938,5750,546,4208,3764,11320,1399
1714,Stjørdal,2010,2046,1906,5712,851,2168,1976,5867,564,4214,3882,11579,1415
1714,Stjørdal,2011,2054,1956,5786,851,2192,2010,5965,567,4246,3966,11751,1418
1714,Stjørdal,2012,2090,1988,5902,863,2204,2083,6057,576,4294,4071,11959,1439
1714,Stjørdal,2013,2093,2010,6029,880,2178,2143,6165,612,4271,4153,12194,1492
1714,Stjørdal,2014,2090,2102,6109,907,2172,2188,6245,602,4262,4290,12354,1509
1717,Frosta,1999,225,194,592,164,227,238,629,98,452,432,1221,262
1717,Frosta,2000,218,211,601,163,232,235,639,96,450,446,1240,259
1717,Frosta,2001,230,207,600,155,238,216,648,95,468,423,1248,250
1717,Frosta,2002,244,205,614,150,241,222,653,88,485,427,1267,238
1717,Frosta,2003,257,208,616,142,245,221,663,91,502,429,1279,233
1717,Frosta,2004,250,205,623,143,240,217,671,88,490,422,1294,231
1717,Frosta,2005,245,210,636,141,229,223,686,93,474,433,1322,234
1717,Frosta,2006,240,209,642,132,228,229,668,91,468,438,1310,223
1717,Frosta,2007,233,209,648,132,237,221,665,93,470,430,1313,225
1717,Frosta,2008,240,214,644,139,230,217,662,96,470,431,1306,235
1717,Frosta,2009,243,223,658,134,233,216,664,94,476,439,1322,228
1717,Frosta,2010,241,227,650,139,222,223,674,93,463,450,1324,232
1717,Frosta,2011,229,244,656,137,226,236,687,92,455,480,1343,229
1717,Frosta,2012,227,256,684,133,233,253,706,102,460,509,1390,235
1717,Frosta,2013,231,234,700,136,238,242,722,102,469,476,1422,238
1717,Frosta,2014,234,235,699,138,238,253,715,111,472,488,1414,249
1718,Leksvik,1999,327,367,868,175,326,377,905,119,653,744,1773,294
1718,Leksvik,2000,338,352,866,179,322,365,931,113,660,717,1797,292
1718,Leksvik,2001,328,347,868,184,330,356,935,117,658,703,1803,301
1718,Leksvik,2002,334,342,888,190,337,323,960,120,671,665,1848,310
1718,Leksvik,2003,330,325,886,194,328,321,965,119,658,646,1851,313
1718,Leksvik,2004,339,315,896,194,320,308,977,123,659,623,1873,317
1718,Leksvik,2005,347,296,910,197,303,308,985,125,650,604,1895,322
1718,Leksvik,2006,347,298,916,198,294,294,992,124,641,592,1908,322
1718,Leksvik,2007,320,293,923,195,300,288,996,126,620,581,1919,321
1718,Leksvik,2008,314,291,932,191,312,280,1000,123,626,571,1932,314
1718,Leksvik,2009,318,290,956,192,309,289,997,123,627,579,1953,315
1718,Leksvik,2010,314,298,960,185,309,294,995,132,623,592,1955,317
1718,Leksvik,2011,320,283,966,183,318,281,997,138,638,564,1963,321
1718,Leksvik,2012,310,300,965,180,317,279,1015,126,627,579,1980,306
1718,Leksvik,2013,321,297,963,183,310,277,1029,127,631,574,1992,310
1718,Leksvik,2014,306,297,974,186,308,280,1036,124,614,577,2010,310
1719,Levanger,1999,1776,1684,4458,814,1873,1733,4459,489,3649,3417,8917,1303
1719,Levanger,2000,1800,1637,4521,803,1854,1668,4501,494,3654,3305,9022,1297
1719,Levanger,2001,1754,1629,4535,792,1862,1650,4516,493,3616,3279,9051,1285
1719,Levanger,2002,1752,1634,4570,808,1872,1640,4589,487,3624,3274,9159,1295
1719,Levanger,2003,1726,1644,4642,819,1895,1666,4596,496,3621,3310,9238,1315
1719,Levanger,2004,1700,1673,4697,810,1908,1719,4659,500,3608,3392,9356,1310
1719,Levanger,2005,1703,1692,4741,797,1873,1751,4727,498,3576,3443,9468,1295
1719,Levanger,2006,1688,1678,4796,800,1862,1764,4750,515,3550,3442,9546,1315
1719,Levanger,2007,1662,1736,4792,803,1791,1831,4767,528,3453,3567,9559,1331
1719,Levanger,2008,1686,1774,4857,803,1789,1873,4817,529,3475,3647,9674,1332
1719,Levanger,2009,1679,1774,4921,786,1778,1881,4911,525,3457,3655,9832,1311
1719,Levanger,2010,1654,1832,4957,807,1755,1880,4950,523,3409,3712,9907,1330
1719,Levanger,2011,1670,1858,4996,816,1751,1901,4999,533,3421,3759,9995,1349
1719,Levanger,2012,1646,1920,5038,819,1728,1936,5080,532,3374,3856,10118,1351
1719,Levanger,2013,1639,1928,5090,800,1749,1964,5136,550,3388,3892,10226,1350
1719,Levanger,2014,1667,1948,5120,816,1745,1937,5197,572,3412,3885,10317,1388
1721,Verdal,1999,1309,1346,3387,615,1391,1450,3558,438,2700,2796,6945,1053
1721,Verdal,2000,1290,1305,3410,611,1406,1408,3576,455,2696,2713,6986,1066
1721,Verdal,2001,1300,1272,3447,611,1412,1327,3615,459,2712,2599,7062,1070
1721,Verdal,2002,1298,1271,3473,615,1442,1297,3655,450,2740,2568,7128,1065
1721,Verdal,2003,1319,1248,3502,629,1424,1272,3711,437,2743,2520,7213,1066
1721,Verdal,2004,1323,1249,3545,629,1431,1268,3742,445,2754,2517,7287,1074
1721,Verdal,2005,1333,1239,3597,606,1423,1267,3747,448,2756,2506,7344,1054
1721,Verdal,2006,1302,1252,3653,605,1401,1270,3781,453,2703,2522,7434,1058
1721,Verdal,2007,1313,1230,3697,590,1408,1281,3825,439,2721,2511,7522,1029
1721,Verdal,2008,1308,1258,3754,578,1373,1334,3868,440,2681,2592,7622,1018
1721,Verdal,2009,1303,1285,3791,579,1387,1306,3897,435,2690,2591,7688,1014
1721,Verdal,2010,1284,1315,3832,565,1376,1348,3917,436,2660,2663,7749,1001
1721,Verdal,2011,1255,1331,3866,572,1373,1368,3962,430,2628,2699,7828,1002
1721,Verdal,2012,1269,1314,3897,561,1340,1416,4009,430,2609,2730,7906,991
1721,Verdal,2013,1257,1355,3950,551,1313,1444,4067,428,2570,2799,8017,979
1721,Verdal,2014,1255,1369,3985,555,1315,1475,4233,438,2570,2844,8218,993
1724,Verran,1999,232,215,723,219,237,231,760,148,469,446,1483,367
1724,Verran,2000,230,187,713,221,235,213,746,161,465,400,1459,382
1724,Verran,2001,234,188,711,214,237,211,732,158,471,399,1443,372
1724,Verran,2002,234,178,705,211,231,194,735,154,465,372,1440,365
1724,Verran,2003,228,187,716,214,228,197,735,154,456,384,1451,368
1724,Verran,2004,225,191,714,213,228,199,731,150,453,390,1445,363
1724,Verran,2005,227,190,719,202,223,209,719,155,450,399,1438,357
1724,Verran,2006,221,188,705,214,210,220,714,150,431,408,1419,364
1724,Verran,2007,216,186,695,209,206,217,728,147,422,403,1423,356
1724,Verran,2008,207,185,683,200,194,278,1038,144,401,463,1721,344
1724,Verran,2009,194,190,687,185,190,269,1045,145,384,459,1732,330
1724,Verran,2010,194,190,679,186,179,257,1062,142,373,447,1741,328
1724,Verran,2011,194,200,658,184,178,239,800,140,372,439,1458,324
1724,Verran,2012,182,202,664,184,174,237,914,128,356,439,1578,312
1724,Verran,2013,181,209,657,180,173,239,1043,128,354,448,1700,308
1724,Verran,2014,185,199,650,181,171,234,785,126,356,433,1435,307
1725,Namdalseid,1999,166,152,451,111,179,188,497,70,345,340,948,181
1725,Namdalseid,2000,159,157,446,119,171,193,486,78,330,350,932,197
1725,Namdalseid,2001,155,156,441,120,178,189,489,79,333,345,930,199
1725,Namdalseid,2002,157,150,438,124,162,192,491,77,319,342,929,201
1725,Namdalseid,2003,156,153,441,120,166,181,482,79,322,334,923,199
1725,Namdalseid,2004,155,148,440,121,169,176,471,86,324,324,911,207
1725,Namdalseid,2005,153,146,441,118,173,160,482,90,326,306,923,208
1725,Namdalseid,2006,145,148,441,116,163,162,472,89,308,310,913,205
1725,Namdalseid,2007,135,155,441,116,158,158,468,88,293,313,909,204
1725,Namdalseid,2008,130,149,440,114,159,150,477,83,289,299,917,197
1725,Namdalseid,2009,126,154,442,110,162,146,475,85,288,300,917,195
1725,Namdalseid,2010,132,148,437,109,156,153,463,86,288,301,900,195
1725,Namdalseid,2011,135,150,436,100,155,156,471,90,290,306,907,190
1725,Namdalseid,2012,131,151,429,103,140,163,471,88,271,314,900,191
1725,Namdalseid,2013,135,152,426,106,139,161,480,86,274,313,906,192
1725,Namdalseid,2014,126,146,433,103,136,160,479,82,262,306,912,185
1736,Snåase - Snåsa,1999,222,210,594,149,245,217,645,90,467,427,1239,239
1736,Snåase - Snåsa,2000,215,201,588,159,251,215,645,94,466,416,1233,253
1736,Snåase - Snåsa,2001,219,200,585,152,244,213,637,88,463,413,1222,240
1736,Snåase - Snåsa,2002,213,197,580,157,235,213,625,88,448,410,1205,245
1736,Snåase - Snåsa,2003,223,189,579,152,233,205,629,84,456,394,1208,236
1736,Snåase - Snåsa,2004,221,176,586,145,225,205,627,90,446,381,1213,235
1736,Snåase - Snåsa,2005,210,188,569,148,210,210,613,91,420,398,1182,239
1736,Snåase - Snåsa,2006,211,180,558,151,196,216,609,100,407,396,1167,251
1736,Snåase - Snåsa,2007,192,183,546,150,196,216,595,103,388,399,1141,253
1736,Snåase - Snåsa,2008,184,181,541,150,195,214,590,109,379,395,1131,259
1736,Snåase - Snåsa,2009,179,188,545,144,193,213,588,109,372,401,1133,253
1736,Snåase - Snåsa,2010,175,179,556,132,188,222,581,113,363,401,1137,245
1736,Snåase - Snåsa,2011,176,191,556,132,175,218,594,112,351,409,1150,244
1736,Snåase - Snåsa,2012,172,197,559,126,173,220,597,99,345,417,1156,225
1736,Snåase - Snåsa,2013,166,192,553,133,176,221,597,100,342,413,1150,233
1736,Snåase - Snåsa,2014,164,190,562,133,171,224,595,99,335,414,1157,232
1738,Lierne,1999,135,131,398,89,136,157,440,60,271,288,838,149
1738,Lierne,2000,129,138,399,92,139,148,440,63,268,286,839,155
1738,Lierne,2001,128,136,409,90,131,149,432,69,259,285,841,159
1738,Lierne,2002,130,134,401,93,133,142,433,70,263,276,834,163
1738,Lierne,2003,126,129,402,100,136,137,436,66,262,266,838,166
1738,Lierne,2004,128,122,403,99,135,139,423,72,263,261,826,171
1738,Lierne,2005,120,121,397,94,133,138,419,75,253,259,816,169
1738,Lierne,2006,118,116,396,99,139,140,411,72,257,256,807,171
1738,Lierne,2007,117,116,384,104,137,142,405,69,254,258,789,173
1738,Lierne,2008,113,124,385,103,129,141,405,66,242,265,790,169
1738,Lierne,2009,112,116,385,100,139,130,410,61,251,246,795,161
1738,Lierne,2010,104,112,374,103,134,124,409,64,238,236,783,167
1738,Lierne,2011,108,105,367,98,128,116,415,58,236,221,782,156
1738,Lierne,2012,104,109,370,96,130,122,413,57,234,231,783,153
1738,Lierne,2013,104,109,372,92,133,113,413,56,237,222,785,148
1738,Lierne,2014,101,104,369,96,122,117,411,55,223,221,780,151
1739,Raarvihke - Røyrvik,1999,59,64,144,26,68,58,161,17,127,122,305,43
1739,Raarvihke - Røyrvik,2000,59,59,151,26,65,50,167,15,124,109,318,41
1739,Raarvihke - Røyrvik,2001,52,60,153,23,60,49,167,14,112,109,320,37
1739,Raarvihke - Røyrvik,2002,45,56,151,23,60,46,163,15,105,102,314,38
1739,Raarvihke - Røyrvik,2003,41,56,146,26,51,52,156,17,92,108,302,43
1739,Raarvihke - Røyrvik,2004,37,59,144,28,49,42,155,19,86,101,299,47
1739,Raarvihke - Røyrvik,2005,34,60,139,30,50,46,153,22,84,106,292,52
1739,Raarvihke - Røyrvik,2006,36,48,145,31,51,47,158,21,87,95,303,52
1739,Raarvihke - Røyrvik,2007,37,44,141,30,44,44,155,20,81,88,296,50
1739,Raarvihke - Røyrvik,2008,38,37,134,32,44,48,143,18,82,85,277,50
1739,Raarvihke - Røyrvik,2009,38,39,135,30,42,48,146,16,80,87,281,46
1739,Raarvihke - Røyrvik,2010,41,40,133,31,40,43,148,15,81,83,281,46
1739,Raarvihke - Røyrvik,2011,41,35,138,31,39,48,147,16,80,83,285,47
1739,Raarvihke - Røyrvik,2012,39,38,133,31,37,48,143,19,76,86,276,50
1739,Raarvihke - Røyrvik,2013,40,41,132,33,40,49,143,19,80,90,275,52
1739,Raarvihke - Røyrvik,2014,39,41,129,33,42,46,146,18,81,87,275,51
1740,Namsskogan,1999,78,74,273,49,69,87,300,42,147,161,573,91
1740,Namsskogan,2000,82,72,274,50,69,77,303,46,151,149,577,96
1740,Namsskogan,2001,76,69,272,51,70,74,281,51,146,143,553,102
1740,Namsskogan,2002,76,70,275,56,74,73,284,47,150,143,559,103
1740,Namsskogan,2003,79,76,268,56,74,64,287,50,153,140,555,106
1740,Namsskogan,2004,78,78,266,57,74,66,277,49,152,144,543,106
1740,Namsskogan,2005,76,76,256,60,78,67,273,46,154,143,529,106
1740,Namsskogan,2006,81,65,252,63,69,71,265,48,150,136,517,111
1740,Namsskogan,2007,78,70,256,65,69,68,267,46,147,138,523,111
1740,Namsskogan,2008,75,60,259,62,75,64,269,45,150,124,528,107
1740,Namsskogan,2009,74,60,258,59,81,70,266,49,155,130,524,108
1740,Namsskogan,2010,73,64,258,60,74,71,266,49,147,135,524,109
1740,Namsskogan,2011,74,63,261,56,75,73,268,51,149,136,529,107
1740,Namsskogan,2012,68,59,263,58,81,63,263,50,149,122,526,108
1740,Namsskogan,2013,63,64,258,60,78,60,260,52,141,124,518,112
1740,Namsskogan,2014,65,61,266,64,79,66,262,54,144,127,528,118
1742,Grong,1999,206,205,626,170,250,198,680,134,456,403,1306,304
1742,Grong,2000,219,221,631,173,259,217,691,132,478,438,1322,305
1742,Grong,2001,208,227,632,176,250,219,690,136,458,446,1322,312
1742,Grong,2002,219,226,642,172,254,218,690,137,473,444,1332,309
1742,Grong,2003,221,208,633,170,250,224,674,129,471,432,1307,299
1742,Grong,2004,207,205,635,170,250,231,676,127,457,436,1311,297
1742,Grong,2005,212,193,636,158,240,218,671,126,452,411,1307,284
1742,Grong,2006,208,192,627,161,214,216,664,123,422,408,1291,284
1742,Grong,2007,213,182,621,162,203,215,647,118,416,397,1268,280
1742,Grong,2008,216,179,629,157,208,216,640,111,424,395,1269,268
1742,Grong,2009,209,179,629,151,207,205,645,108,416,384,1274,259
1742,Grong,2010,201,190,628,155,195,214,651,108,396,404,1279,263
1742,Grong,2011,202,198,619,158,179,227,650,104,381,425,1269,262
1742,Grong,2012,182,204,633,163,180,253,651,110,362,457,1284,273
1742,Grong,2013,188,221,631,160,187,280,667,107,375,501,1298,267
1742,Grong,2014,179,207,623,162,180,287,675,109,359,494,1298,271
1743,Høylandet,1999,112,124,341,85,129,150,329,67,241,274,670,152
1743,Høylandet,2000,107,127,334,82,126,139,337,61,233,266,671,143
1743,Høylandet,2001,103,122,337,82,124,152,343,54,227,274,680,136
1743,Høylandet,2002,97,124,325,83,117,148,348,49,214,272,673,132
1743,Høylandet,2003,100,115,322,87,107,142,348,42,207,257,670,129
1743,Høylandet,2004,105,114,321,81,99,133,345,44,204,247,666,125
1743,Høylandet,2005,107,106,323,76,99,126,353,43,206,232,676,119
1743,Høylandet,2006,106,110,335,77,112,118,363,42,218,228,698,119
1743,Høylandet,2007,107,97,330,77,116,118,358,43,223,215,688,120
1743,Høylandet,2008,119,92,338,77,122,106,364,43,241,198,702,120
1743,Høylandet,2009,114,88,339,76,120,111,364,47,234,199,703,123
1743,Høylandet,2010,118,87,335,75,127,104,360,50,245,191,695,125
1743,Høylandet,2011,118,91,330,74,131,98,365,46,249,189,695,120
1743,Høylandet,2012,126,90,328,70,126,96,366,47,252,186,694,117
1743,Høylandet,2013,130,89,332,70,125,99,358,47,255,188,690,117
1743,Høylandet,2014,124,93,332,73,126,101,345,53,250,194,677,126
1744,Overhalla,1999,340,367,901,180,371,383,948,130,711,750,1849,310
1744,Overhalla,2000,329,352,922,182,389,360,951,132,718,712,1873,314
1744,Overhalla,2001,326,336,924,181,384,360,937,137,710,696,1861,318
1744,Overhalla,2002,330,334,920,179,382,333,943,138,712,667,1863,317
1744,Overhalla,2003,332,328,928,175,381,326,957,135,713,654,1885,310
1744,Overhalla,2004,316,315,920,165,369,325,955,133,685,640,1875,298
1744,Overhalla,2005,306,306,907,169,355,319,959,128,661,625,1866,297
1744,Overhalla,2006,298,323,893,179,358,318,947,125,656,641,1840,304
1744,Overhalla,2007,300,311,901,183,368,325,954,126,668,636,1855,309
1744,Overhalla,2008,293,318,898,182,357,332,965,124,650,650,1863,306
1744,Overhalla,2009,299,321,928,168,359,325,986,132,658,646,1914,300
1744,Overhalla,2010,294,331,927,166,361,326,988,136,655,657,1915,302
1744,Overhalla,2011,310,329,944,164,348,346,1002,134,658,675,1946,298
1744,Overhalla,2012,319,342,948,164,355,360,1013,134,674,702,1961,298
1744,Overhalla,2013,331,336,953,162,352,368,1008,135,683,704,1961,297
1744,Overhalla,2014,332,351,966,156,356,373,1017,129,688,724,1983,285
1748,Fosnes,1999,81,63,195,50,85,65,217,34,166,128,412,84
1748,Fosnes,2000,80,64,195,51,84,69,212,35,164,133,407,86
1748,Fosnes,2001,80,57,194,54,80,66,209,34,160,123,403,88
1748,Fosnes,2002,78,59,197,51,73,63,206,33,151,122,403,84
1748,Fosnes,2003,75,57,201,49,69,66,201,36,144,123,402,85
1748,Fosnes,2004,72,59,200,43,69,68,197,37,141,127,397,80
1748,Fosnes,2005,58,59,196,41,60,69,192,39,118,128,388,80
1748,Fosnes,2006,54,57,202,40,55,70,193,39,109,127,395,79
1748,Fosnes,2007,56,57,195,42,56,68,193,39,112,125,388,81
1748,Fosnes,2008,49,57,186,44,57,62,192,37,106,119,378,81
1748,Fosnes,2009,45,60,189,45,53,59,193,31,98,119,382,76
1748,Fosnes,2010,44,65,176,51,53,55,188,33,97,120,364,84
1748,Fosnes,2011,41,59,170,51,49,57,189,32,90,116,359,83
1748,Fosnes,2012,46,66,166,49,50,58,200,28,96,124,366,77
1748,Fosnes,2013,47,61,171,49,45,55,207,27,92,116,378,76
1748,Fosnes,2014,37,61,169,50,43,54,198,24,80,115,367,74
1749,Flatanger,1999,113,110,310,87,130,119,368,38,243,229,678,125
1749,Flatanger,2000,107,99,302,86,120,111,357,42,227,210,659,128
1749,Flatanger,2001,113,101,304,83,116,108,354,41,229,209,658,124
1749,Flatanger,2002,124,92,304,83,120,113,355,41,244,205,659,124
1749,Flatanger,2003,132,89,300,85,116,117,349,44,248,206,649,129
1749,Flatanger,2004,125,89,302,80,111,111,349,46,236,200,651,126
1749,Flatanger,2005,122,84,303,78,112,105,340,49,234,189,643,127
1749,Flatanger,2006,114,76,298,75,111,98,338,51,225,174,636,126
1749,Flatanger,2007,118,75,303,71,108,102,332,55,226,177,635,126
1749,Flatanger,2008,107,85,294,69,104,92,326,54,211,177,620,123
1749,Flatanger,2009,99,89,297,68,100,98,326,52,199,187,623,120
1749,Flatanger,2010,86,85,300,63,91,95,327,52,177,180,627,115
1749,Flatanger,2011,78,87,301,63,89,105,331,51,167,192,632,114
1749,Flatanger,2012,80,100,301,62,89,112,335,51,169,212,636,113
1749,Flatanger,2013,85,99,307,61,90,111,345,50,175,210,652,111
1749,Flatanger,2014,79,97,302,57,83,108,341,47,162,205,643,104
1750,Vikna,1999,381,404,922,195,355,436,999,92,736,840,1921,287
1750,Vikna,2000,393,388,942,196,371,426,992,96,764,814,1934,292
1750,Vikna,2001,395,391,951,191,379,415,1016,98,774,806,1967,289
1750,Vikna,2002,407,399,957,199,389,395,1045,96,796,794,2002,295
1750,Vikna,2003,415,381,968,189,404,388,1069,93,819,769,2037,282
1750,Vikna,2004,427,367,1000,189,405,389,1088,97,832,756,2088,286
1750,Vikna,2005,410,372,1020,187,400,388,1086,103,810,760,2106,290
1750,Vikna,2006,410,376,1015,184,406,357,1109,106,816,733,2124,290
1750,Vikna,2007,385,392,1020,187,393,370,1106,114,778,762,2126,301
1750,Vikna,2008,400,383,1022,185,394,370,1117,118,794,753,2139,303
1750,Vikna,2009,407,380,1037,176,402,387,1141,118,809,767,2178,294
1750,Vikna,2010,395,405,1039,181,398,395,1145,123,793,800,2184,304
1750,Vikna,2011,387,401,1047,185,391,400,1142,128,778,801,2189,313
1750,Vikna,2012,398,410,1071,188,384,423,1175,134,782,833,2246,322
1750,Vikna,2013,404,421,1089,188,387,419,1187,143,791,840,2276,331
1750,Vikna,2014,412,426,1097,183,400,410,1191,145,812,836,2288,328
1751,Nærøy,1999,520,465,1307,305,582,528,1401,196,1102,993,2708,501
1751,Nærøy,2000,515,438,1318,306,578,529,1393,199,1093,967,2711,505
1751,Nærøy,2001,520,431,1330,302,598,516,1397,195,1118,947,2727,497
1751,Nærøy,2002,492,429,1323,311,582,492,1419,191,1074,921,2742,502
1751,Nærøy,2003,476,410,1338,303,566,472,1437,194,1042,882,2775,497
1751,Nærøy,2004,480,415,1344,301,551,455,1434,200,1031,870,2778,501
1751,Nærøy,2005,486,425,1331,302,553,446,1449,190,1039,871,2780,492
1751,Nærøy,2006,468,421,1328,298,518,466,1423,190,986,887,2751,488
1751,Nærøy,2007,439,406,1314,313,497,461,1421,175,936,867,2735,488
1751,Nærøy,2008,432,411,1306,311,466,471,1396,174,898,882,2702,485
1751,Nærøy,2009,429,402,1295,302,462,472,1398,179,891,874,2693,481
1751,Nærøy,2010,425,398,1299,303,459,478,1388,186,884,876,2687,489
1751,Nærøy,2011,426,427,1289,292,430,499,1402,184,856,926,2691,476
1751,Nærøy,2012,415,444,1304,291,421,508,1435,194,836,952,2739,485
1751,Nærøy,2013,403,454,1303,283,422,532,1453,193,825,986,2756,476
1751,Nærøy,2014,388,462,1304,273,420,527,1450,191,808,989,2754,464
1755,Leka,1999,72,67,193,47,56,60,195,22,128,127,388,69
1755,Leka,2000,69,67,188,50,58,64,197,17,127,131,385,67
1755,Leka,2001,68,60,190,45,53,54,193,16,121,114,383,61
1755,Leka,2002,61,70,185,45,57,49,192,17,118,119,377,62
1755,Leka,2003,59,68,187,45,55,51,188,16,114,119,375,61
1755,Leka,2004,41,65,181,45,52,45,183,18,93,110,364,63
1755,Leka,2005,42,58,173,42,50,46,178,18,92,104,351,60
1755,Leka,2006,36,57,174,39,43,43,179,19,79,100,353,58
1755,Leka,2007,36,57,170,37,40,40,178,20,76,97,348,57
1755,Leka,2008,39,56,170,37,38,43,183,20,77,99,353,57
1755,Leka,2009,38,54,173,38,35,39,178,25,73,93,351,63
1755,Leka,2010,37,51,173,44,38,42,175,26,75,93,348,70
1755,Leka,2011,37,53,170,43,40,43,171,29,77,96,341,72
1755,Leka,2012,33,46,167,44,38,41,168,33,71,87,335,77
1755,Leka,2013,37,43,169,47,33,47,161,33,70,90,330,80
1755,Leka,2014,37,39,163,46,29,49,158,30,66,88,321,76
1804,Bodø,1999,3960,4283,10674,1226,4222,4413,10679,716,8182,8696,21353,1942
1804,Bodø,2000,4020,4244,10905,1287,4352,4353,10874,733,8372,8597,21779,2020
1804,Bodø,2001,4018,4165,11016,1320,4327,4297,11051,755,8345,8462,22067,2075
1804,Bodø,2002,4020,4144,11116,1347,4339,4274,11166,767,8359,8418,22282,2114
1804,Bodø,2003,4055,4112,11314,1378,4399,4259,11316,793,8454,8371,22630,2171
1804,Bodø,2004,4113,4144,11468,1411,4413,4346,11461,824,8526,8490,22929,2235
1804,Bodø,2005,4189,4302,11902,1544,4543,4492,11966,905,8732,8794,23868,2449
1804,Bodø,2006,4177,4360,12099,1566,4567,4529,12123,946,8744,8889,24222,2512
1804,Bodø,2007,4238,4436,12255,1604,4509,4653,12325,984,8747,9089,24580,2588
1804,Bodø,2008,4191,4553,12378,1627,4420,4792,12467,1012,8611,9345,24845,2639
1804,Bodø,2009,4180,4635,12489,1642,4360,4879,12622,1018,8540,9514,25111,2660
1804,Bodø,2010,4215,4700,12708,1663,4390,5030,12834,1057,8605,9730,25542,2720
1804,Bodø,2011,4217,4853,12918,1667,4404,5116,13042,1054,8621,9969,25960,2721
1804,Bodø,2012,4214,4897,13110,1697,4370,5176,13266,1076,8584,10073,26376,2773
1804,Bodø,2013,4193,5039,13323,1721,4414,5344,13431,1133,8607,10383,26754,2854
1804,Bodø,2014,4209,5047,13491,1734,4375,5464,13652,1174,8584,10511,27143,2908
1805,Narvik,1999,1634,1781,4939,951,1718,1784,4949,537,3352,3565,9888,1488
1805,Narvik,2000,1644,1740,4979,966,1724,1778,4985,540,3368,3518,9964,1506
1805,Narvik,2001,1657,1669,4983,986,1755,1792,4985,549,3412,3461,9968,1535
1805,Narvik,2002,1658,1668,4956,998,1774,1745,4946,564,3432,3413,9902,1562
1805,Narvik,2003,1660,1615,4954,1023,1744,1733,4953,579,3404,3348,9907,1602
1805,Narvik,2004,1638,1671,4944,1044,1713,1774,4971,591,3351,3445,9915,1635
1805,Narvik,2005,1589,1660,4954,1066,1668,1820,4966,600,3257,3480,9920,1666
1805,Narvik,2006,1555,1645,4924,1073,1610,1824,4925,614,3165,3469,9849,1687
1805,Narvik,2007,1515,1662,4883,1066,1579,1818,4969,628,3094,3480,9852,1694
1805,Narvik,2008,1491,1719,4879,1065,1558,1884,4936,649,3049,3603,9815,1714
1805,Narvik,2009,1468,1717,4857,1060,1547,1896,4952,626,3015,3613,9809,1686
1805,Narvik,2010,1446,1745,4871,1054,1522,1931,5010,612,2968,3676,9881,1666
1805,Narvik,2011,1460,1758,4871,1040,1492,1909,5021,603,2952,3667,9892,1643
1805,Narvik,2012,1411,1755,4899,1050,1485,1998,5077,592,2896,3753,9976,1642
1805,Narvik,2013,1400,1755,4913,1033,1480,2023,5100,601,2880,3778,10013,1634
1805,Narvik,2014,1393,1817,4950,1028,1504,2050,5164,621,2897,3867,10114,1649
1811,Bindal,1999,177,153,470,137,183,183,519,105,360,336,989,242
1811,Bindal,2000,173,157,472,133,178,172,522,101,351,329,994,234
1811,Bindal,2001,175,150,470,130,172,174,526,95,347,324,996,225
1811,Bindal,2002,166,146,466,130,172,162,522,90,338,308,988,220
1811,Bindal,2003,159,139,454,131,160,168,500,89,319,307,954,220
1811,Bindal,2004,156,146,448,134,161,162,493,84,317,308,941,218
1811,Bindal,2005,146,144,451,133,155,158,496,82,301,302,947,215
1811,Bindal,2006,136,149,442,130,145,144,491,83,281,293,933,213
1811,Bindal,2007,138,132,436,126,139,143,482,84,277,275,918,210
1811,Bindal,2008,126,132,429,114,126,135,475,82,252,267,904,196
1811,Bindal,2009,126,109,441,109,125,131,481,78,251,240,922,187
1811,Bindal,2010,121,115,427,108,128,138,474,78,249,253,901,186
1811,Bindal,2011,117,116,433,107,127,127,477,76,244,243,910,183
1811,Bindal,2012,106,126,421,108,121,131,462,75,227,257,883,183
1811,Bindal,2013,94,127,421,107,116,132,453,78,210,259,874,185
1811,Bindal,2014,89,126,417,97,116,122,449,72,205,248,866,169
1812,Sømna,1999,207,184,534,138,206,219,548,77,413,403,1082,215
1812,Sømna,2000,207,185,523,135,202,207,548,80,409,392,1071,215
1812,Sømna,2001,199,188,524,138,209,191,552,77,408,379,1076,215
1812,Sømna,2002,195,190,531,134,221,175,566,76,416,365,1097,210
1812,Sømna,2003,194,190,538,131,208,180,560,82,402,370,1098,213
1812,Sømna,2004,187,182,547,129,202,167,565,75,389,349,1112,204
1812,Sømna,2005,180,183,556,121,201,165,569,77,381,348,1125,198
1812,Sømna,2006,175,172,571,117,196,161,561,73,371,333,1132,190
1812,Sømna,2007,178,179,560,118,190,169,556,74,368,348,1116,192
1812,Sømna,2008,182,175,564,113,190,183,553,75,372,358,1117,188
1812,Sømna,2009,181,186,562,106,190,181,560,72,371,367,1122,178
1812,Sømna,2010,175,170,567,111,191,167,565,75,366,337,1132,186
1812,Sømna,2011,168,172,556,119,179,174,567,75,347,346,1123,194
1812,Sømna,2012,155,178,561,113,184,180,572,75,339,358,1133,188
1812,Sømna,2013,152,183,558,107,181,183,577,72,333,366,1135,179
1812,Sømna,2014,152,183,569,106,189,186,572,74,341,369,1141,180
1815,Vega,1999,128,116,367,99,135,117,387,43,263,233,754,142
1815,Vega,2000,134,109,376,99,134,124,382,45,268,233,758,144
1815,Vega,2001,130,100,379,101,136,111,393,46,266,211,772,147
1815,Vega,2002,125,105,374,101,138,101,391,46,263,206,765,147
1815,Vega,2003,121,105,374,100,135,108,393,46,256,213,767,146
1815,Vega,2004,118,109,371,96,123,110,388,51,241,219,759,147
1815,Vega,2005,113,111,362,94,126,105,388,48,239,216,750,142
1815,Vega,2006,112,95,354,94,114,105,380,43,226,200,734,137
1815,Vega,2007,100,98,355,90,114,98,385,45,214,196,740,135
1815,Vega,2008,95,103,354,89,119,98,379,46,214,201,733,135
1815,Vega,2009,89,106,345,89,119,97,380,48,208,203,725,137
1815,Vega,2010,92,109,352,81,117,101,376,50,209,210,728,131
1815,Vega,2011,90,99,351,77,113,103,374,49,203,202,725,126
1815,Vega,2012,85,106,351,67,114,110,366,50,199,216,717,117
1815,Vega,2013,79,105,346,69,97,114,371,52,176,219,717,121
1815,Vega,2014,78,102,347,69,98,107,366,52,176,209,713,121
1816,Vevelstad,1999,42,53,145,52,49,71,161,21,91,124,306,73
1816,Vevelstad,2000,37,52,149,49,51,67,157,20,88,119,306,69
1816,Vevelstad,2001,41,48,144,48,52,63,158,16,93,111,302,64
1816,Vevelstad,2002,44,40,139,49,49,59,158,14,93,99,297,63
1816,Vevelstad,2003,41,39,135,48,46,57,149,15,87,96,284,63
1816,Vevelstad,2004,37,42,134,45,47,53,149,14,84,95,283,59
1816,Vevelstad,2005,37,35,139,44,46,53,150,14,83,88,289,58
1816,Vevelstad,2006,38,36,140,41,47,43,155,12,85,79,295,53
1816,Vevelstad,2007,34,35,138,39,43,46,150,14,77,81,288,53
1816,Vevelstad,2008,33,33,132,37,43,45,147,14,76,78,279,51
1816,Vevelstad,2009,34,35,140,36,48,40,151,16,82,75,291,52
1816,Vevelstad,2010,34,39,140,34,46,36,156,18,80,75,296,52
1816,Vevelstad,2011,34,42,142,29,49,38,159,20,83,80,301,49
1816,Vevelstad,2012,34,37,145,26,43,38,165,18,77,75,310,44
1816,Vevelstad,2013,33,36,144,26,39,39,162,16,72,75,306,42
1816,Vevelstad,2014,30,37,147,24,39,39,158,18,69,76,305,42
1818,Herøy (Nordland),1999,186,155,477,105,183,190,492,85,369,345,969,190
1818,Herøy (Nordland),2000,182,162,467,107,180,188,493,85,362,350,960,192
1818,Herøy (Nordland),2001,179,163,469,112,177,179,500,76,356,342,969,188
1818,Herøy (Nordland),2002,170,161,457,113,174,177,502,68,344,338,959,181
1818,Herøy (Nordland),2003,164,149,459,111,172,159,488,74,336,308,947,185
1818,Herøy (Nordland),2004,154,134,462,107,158,158,484,71,312,292,946,178
1818,Herøy (Nordland),2005,142,141,463,104,151,171,482,68,293,312,945,172
1818,Herøy (Nordland),2006,132,137,462,106,148,164,492,67,280,301,954,173
1818,Herøy (Nordland),2007,125,132,456,102,144,154,486,68,269,286,942,170
1818,Herøy (Nordland),2008,119,142,454,97,138,156,488,68,257,298,942,165
1818,Herøy (Nordland),2009,122,132,450,98,131,159,480,64,253,291,930,162
1818,Herøy (Nordland),2010,119,127,441,100,124,170,474,59,243,297,915,159
1818,Herøy (Nordland),2011,114,135,450,96,118,188,475,56,232,323,925,152
1818,Herøy (Nordland),2012,117,153,447,99,127,204,494,48,244,357,941,147
1818,Herøy (Nordland),2013,121,163,460,100,131,210,515,47,252,373,975,147
1818,Herøy (Nordland),2014,113,159,456,98,130,194,517,51,243,353,973,149
1820,Alstahaug,1999,735,751,1913,260,725,735,1997,156,1460,1486,3910,416
1820,Alstahaug,2000,726,746,1941,267,746,721,2030,158,1472,1467,3971,425
1820,Alstahaug,2001,755,721,1955,267,726,690,2048,156,1481,1411,4003,423
1820,Alstahaug,2002,738,696,2000,269,739,687,2059,163,1477,1383,4059,432
1820,Alstahaug,2003,747,683,2023,260,741,672,2067,163,1488,1355,4090,423
1820,Alstahaug,2004,727,670,2017,258,719,684,2062,155,1446,1354,4079,413
1820,Alstahaug,2005,696,683,2024,269,724,675,2085,161,1420,1358,4109,430
1820,Alstahaug,2006,670,669,2035,262,715,661,2067,168,1385,1330,4102,430
1820,Alstahaug,2007,629,656,2036,258,687,660,2067,160,1316,1316,4103,418
1820,Alstahaug,2008,630,652,2030,260,674,661,2055,178,1304,1313,4085,438
1820,Alstahaug,2009,603,654,2030,286,656,677,2048,188,1259,1331,4078,474
1820,Alstahaug,2010,589,667,2040,280,640,688,2026,199,1229,1355,4066,479
1820,Alstahaug,2011,598,707,2042,286,642,693,2052,204,1240,1400,4094,490
1820,Alstahaug,2012,582,721,2056,289,646,721,2064,216,1228,1442,4120,505
1820,Alstahaug,2013,565,711,2063,284,642,721,2052,224,1207,1432,4115,508
1820,Alstahaug,2014,574,700,2077,285,641,745,2062,231,1215,1445,4139,516
1822,Leirfjord,1999,215,193,528,145,253,217,562,110,468,410,1090,255
1822,Leirfjord,2000,218,193,535,139,252,220,562,107,470,413,1097,246
1822,Leirfjord,2001,202,201,515,150,250,209,573,101,452,410,1088,251
1822,Leirfjord,2002,198,189,511,146,242,217,572,100,440,406,1083,246
1822,Leirfjord,2003,199,196,516,139,249,223,581,88,448,419,1097,227
1822,Leirfjord,2004,200,198,516,135,233,232,596,90,433,430,1112,225
1822,Leirfjord,2005,182,194,524,129,219,223,587,84,401,417,1111,213
1822,Leirfjord,2006,179,200,515,131,202,236,598,83,381,436,1113,214
1822,Leirfjord,2007,166,205,514,134,174,243,584,82,340,448,1098,216
1822,Leirfjord,2008,163,205,514,133,156,240,582,80,319,445,1096,213
1822,Leirfjord,2009,165,193,512,124,161,238,599,79,326,431,1111,203
1822,Leirfjord,2010,170,191,526,126,164,242,613,81,334,433,1139,207
1822,Leirfjord,2011,160,210,535,123,164,246,624,82,324,456,1159,205
1822,Leirfjord,2012,142,199,526,125,151,235,623,78,293,434,1149,203
1822,Leirfjord,2013,158,202,534,120,154,229,641,78,312,431,1175,198
1822,Leirfjord,2014,173,201,550,114,161,228,652,76,334,429,1202,190
1824,Vefsn,1999,1177,1265,3553,640,1284,1329,3722,416,2461,2594,7275,1056
1824,Vefsn,2000,1206,1204,3587,639,1306,1243,3770,427,2512,2447,7357,1066
1824,Vefsn,2001,1204,1162,3578,660,1287,1219,3798,430,2491,2381,7376,1090
1824,Vefsn,2002,1206,1157,3566,660,1294,1200,3807,430,2500,2357,7373,1090
1824,Vefsn,2003,1228,1129,3605,657,1284,1189,3807,430,2512,2318,7412,1087
1824,Vefsn,2004,1213,1142,3600,669,1250,1191,3801,432,2463,2333,7401,1101
1824,Vefsn,2005,1193,1157,3622,670,1219,1243,3793,433,2412,2400,7415,1103
1824,Vefsn,2006,1186,1171,3605,671,1225,1209,3808,438,2411,2380,7413,1109
1824,Vefsn,2007,1177,1158,3613,674,1187,1243,3962,441,2364,2401,7575,1115
1824,Vefsn,2008,1146,1156,3626,665,1160,1235,3854,439,2306,2391,7480,1104
1824,Vefsn,2009,1104,1182,3619,666,1141,1259,3779,461,2245,2441,7398,1127
1824,Vefsn,2010,1092,1164,3638,672,1113,1308,3789,476,2205,2472,7427,1148
1824,Vefsn,2011,1060,1169,3629,658,1104,1297,3771,478,2164,2466,7400,1136
1824,Vefsn,2012,1036,1175,3614,656,1072,1311,3773,481,2108,2486,7387,1137
1824,Vefsn,2013,1027,1168,3594,662,1073,1303,3782,493,2100,2471,7376,1155
1824,Vefsn,2014,999,1194,3601,671,1082,1311,3783,513,2081,2505,7384,1184
1825,Grane,1999,134,144,411,100,160,149,455,76,294,293,866,176
1825,Grane,2000,133,139,420,98,162,141,465,74,295,280,885,172
1825,Grane,2001,123,129,413,98,151,137,463,74,274,266,876,172
1825,Grane,2002,120,116,410,98,153,130,453,75,273,246,863,173
1825,Grane,2003,120,108,404,97,146,126,459,67,266,234,863,164
1825,Grane,2004,120,102,404,98,142,134,457,63,262,236,861,161
1825,Grane,2005,120,111,401,95,144,138,458,65,264,249,859,160
1825,Grane,2006,118,112,402,93,139,138,457,68,257,250,859,161
1825,Grane,2007,116,107,403,93,142,132,465,65,258,239,868,158
1825,Grane,2008,109,117,402,87,147,130,467,63,256,247,869,150
1825,Grane,2009,107,115,391,84,135,130,463,59,242,245,854,143
1825,Grane,2010,111,117,388,84,130,134,461,61,241,251,849,145
1825,Grane,2011,109,117,386,81,126,128,457,65,235,245,843,146
1825,Grane,2012,101,111,380,80,128,124,453,70,229,235,833,150
1825,Grane,2013,103,106,392,72,131,119,453,69,234,225,845,141
1825,Grane,2014,102,110,387,80,133,119,447,73,235,229,834,153
1826,Hattfjelldal,1999,146,144,414,80,133,167,455,76,279,311,869,156
1826,Hattfjelldal,2000,151,138,411,84,134,162,455,75,285,300,866,159
1826,Hattfjelldal,2001,144,143,402,89,144,166,460,70,288,309,862,159
1826,Hattfjelldal,2002,133,142,404,93,142,145,454,70,275,287,858,163
1826,Hattfjelldal,2003,130,133,406,90,142,148,444,66,272,281,850,156
1826,Hattfjelldal,2004,125,132,409,90,140,142,433,74,265,274,842,164
1826,Hattfjelldal,2005,117,130,410,88,135,124,434,77,252,254,844,165
1826,Hattfjelldal,2006,119,113,413,87,135,113,436,72,254,226,849,159
1826,Hattfjelldal,2007,114,106,406,85,135,111,436,73,249,217,842,158
1826,Hattfjelldal,2008,111,106,410,83,133,107,426,79,244,213,836,162
1826,Hattfjelldal,2009,107,101,408,77,130,104,420,73,237,205,828,150
1826,Hattfjelldal,2010,101,110,405,77,135,111,413,76,236,221,818,153
1826,Hattfjelldal,2011,112,102,408,81,131,122,412,78,243,224,820,159
1826,Hattfjelldal,2012,112,113,392,81,129,130,411,76,241,243,803,157
1826,Hattfjelldal,2013,105,127,389,84,122,142,412,78,227,269,801,162
1826,Hattfjelldal,2014,101,128,393,84,126,150,425,80,227,278,818,164
1827,Dønna,1999,124,162,379,114,151,168,425,53,275,330,804,167
1827,Dønna,2000,123,160,387,105,146,163,428,55,269,323,815,160
1827,Dønna,2001,126,157,390,110,146,158,429,60,272,315,819,170
1827,Dønna,2002,126,136,391,102,147,147,422,60,273,283,813,162
1827,Dønna,2003,133,125,398,101,155,136,421,51,288,261,819,152
1827,Dønna,2004,129,130,389,103,157,148,416,52,286,278,805,155
1827,Dønna,2005,130,119,392,96,151,147,419,53,281,266,811,149
1827,Dønna,2006,124,119,391,96,159,151,415,44,283,270,806,140
1827,Dønna,2007,110,118,390,93,153,141,415,44,263,259,805,137
1827,Dønna,2008,114,116,390,90,154,138,408,47,268,254,798,137
1827,Dønna,2009,109,112,383,94,141,125,411,46,250,237,794,140
1827,Dønna,2010,120,102,380,95,139,121,407,44,259,223,787,139
1827,Dønna,2011,123,108,381,96,139,136,405,43,262,244,786,139
1827,Dønna,2012,124,109,376,90,135,138,405,45,259,247,781,135
1827,Dønna,2013,120,112,377,83,124,142,414,47,244,254,791,130
1827,Dønna,2014,115,113,378,80,120,140,420,49,235,253,798,129
1828,Nesna,1999,193,203,432,120,201,169,452,66,394,372,884,186
1828,Nesna,2000,195,198,431,127,207,165,470,66,402,363,901,193
1828,Nesna,2001,211,198,435,121,220,171,470,62,431,369,905,183
1828,Nesna,2002,186,173,440,118,205,164,466,66,391,337,906,184
1828,Nesna,2003,190,172,451,116,210,158,460,64,400,330,911,180
1828,Nesna,2004,184,169,456,120,198,155,457,63,382,324,913,183
1828,Nesna,2005,167,169,459,118,196,148,462,61,363,317,921,179
1828,Nesna,2006,149,177,446,111,185,148,471,60,334,325,917,171
1828,Nesna,2007,161,174,458,110,187,143,478,53,348,317,936,163
1828,Nesna,2008,157,165,471,103,175,166,484,57,332,331,955,160
1828,Nesna,2009,148,163,465,106,171,169,496,56,319,332,961,162
1828,Nesna,2010,146,145,474,109,167,184,489,57,313,329,963,166
1828,Nesna,2011,143,165,472,107,161,189,495,58,304,354,967,165
1828,Nesna,2012,146,178,474,97,161,185,496,58,307,363,970,155
1828,Nesna,2013,140,195,479,100,164,202,515,60,304,397,994,160
1828,Nesna,2014,141,205,486,97,157,224,514,60,298,429,1000,157
1832,Hemnes,1999,419,394,1172,297,433,438,1254,197,852,832,2426,494
1832,Hemnes,2000,422,400,1185,300,446,433,1267,181,868,833,2452,481
1832,Hemnes,2001,408,403,1178,293,466,430,1273,170,874,833,2451,463
1832,Hemnes,2002,405,379,1169,298,458,390,1280,165,863,769,2449,463
1832,Hemnes,2003,399,344,1182,298,457,371,1280,162,856,715,2462,460
1832,Hemnes,2004,392,357,1189,285,468,385,1278,162,860,742,2467,447
1832,Hemnes,2005,394,346,1201,285,449,391,1286,163,843,737,2487,448
1832,Hemnes,2006,395,332,1200,283,450,385,1281,164,845,717,2481,447
1832,Hemnes,2007,393,326,1180,291,437,406,1256,172,830,732,2436,463
1832,Hemnes,2008,373,332,1183,278,439,400,1257,173,812,732,2440,451
1832,Hemnes,2009,367,360,1185,283,435,393,1290,169,802,753,2475,452
1832,Hemnes,2010,349,380,1201,278,434,411,1302,174,783,791,2503,452
1832,Hemnes,2011,340,400,1209,274,430,419,1309,173,770,819,2518,447
1832,Hemnes,2012,337,407,1208,273,424,419,1292,182,761,826,2500,455
1832,Hemnes,2013,330,429,1210,270,425,433,1299,178,755,862,2509,448
1832,Hemnes,2014,320,406,1193,271,403,444,1288,184,723,850,2481,455
1833,Rana,1999,2372,2374,6677,1097,2396,2413,6869,703,4768,4787,13546,1800
1833,Rana,2000,2396,2286,6703,1112,2453,2302,6942,731,4849,4588,13645,1843
1833,Rana,2001,2413,2230,6758,1138,2466,2274,6965,727,4879,4504,13723,1865
1833,Rana,2002,2424,2220,6829,1160,2445,2228,7027,746,4869,4448,13856,1906
1833,Rana,2003,2385,2211,6864,1169,2455,2167,7033,752,4840,4378,13897,1921
1833,Rana,2004,2346,2128,6910,1194,2441,2200,7010,780,4787,4328,13920,1974
1833,Rana,2005,2345,2132,6921,1216,2415,2210,7032,775,4760,4342,13953,1991
1833,Rana,2006,2319,2151,6942,1238,2388,2238,7031,774,4707,4389,13973,2012
1833,Rana,2007,2273,2111,6911,1265,2338,2224,7034,761,4611,4335,13945,2026
1833,Rana,2008,2223,2107,6873,1260,2315,2239,7004,794,4538,4346,13877,2054
1833,Rana,2009,2196,2165,6903,1255,2292,2329,7070,792,4488,4494,13973,2047
1833,Rana,2010,2155,2239,6879,1247,2283,2353,7042,787,4438,4592,13921,2034
1833,Rana,2011,2126,2304,6911,1268,2288,2433,7108,785,4414,4737,14019,2053
1833,Rana,2012,2085,2361,6939,1279,2260,2518,7151,788,4345,4879,14090,2067
1833,Rana,2013,2051,2420,6936,1266,2232,2572,7209,786,4283,4992,14145,2052
1833,Rana,2014,2037,2448,6989,1280,2222,2654,7268,784,4259,5102,14257,2064
1834,Lurøy,1999,199,192,505,131,191,213,555,85,390,405,1060,216
1834,Lurøy,2000,186,203,508,130,208,190,576,81,394,393,1084,211
1834,Lurøy,2001,189,192,517,122,215,189,586,78,404,381,1103,200
1834,Lurøy,2002,185,178,513,117,205,188,585,75,390,366,1098,192
1834,Lurøy,2003,180,162,512,123,188,182,581,66,368,344,1093,189
1834,Lurøy,2004,174,171,512,119,197,185,574,71,371,356,1086,190
1834,Lurøy,2005,174,162,524,121,194,182,573,76,368,344,1097,197
1834,Lurøy,2006,162,160,515,118,185,178,565,75,347,338,1080,193
1834,Lurøy,2007,150,159,518,115,182,177,565,77,332,336,1083,192
1834,Lurøy,2008,148,151,502,117,170,161,551,76,318,312,1053,193
1834,Lurøy,2009,146,152,502,105,164,178,543,74,310,330,1045,179
1834,Lurøy,2010,140,155,504,101,166,184,560,72,306,339,1064,173
1834,Lurøy,2011,141,160,500,110,160,180,562,69,301,340,1062,179
1834,Lurøy,2012,144,166,504,115,168,185,561,76,312,351,1065,191
1834,Lurøy,2013,137,162,506,111,160,175,557,81,297,337,1063,192
1834,Lurøy,2014,141,158,498,114,161,175,546,81,302,333,1044,195
1835,Træna,1999,47,39,110,26,52,40,142,21,99,79,252,47
1835,Træna,2000,43,41,107,24,57,33,139,19,100,74,246,43
1835,Træna,2001,35,46,106,24,55,36,140,17,90,82,246,41
1835,Træna,2002,43,37,113,25,52,37,141,16,95,74,254,41
1835,Træna,2003,42,34,110,29,53,38,137,16,95,72,247,45
1835,Træna,2004,46,29,109,26,52,41,134,14,98,70,243,40
1835,Træna,2005,44,28,109,29,45,40,122,18,89,68,231,47
1835,Træna,2006,49,31,111,29,48,47,119,17,97,78,230,46
1835,Træna,2007,49,28,111,27,46,45,118,16,95,73,229,43
1835,Træna,2008,48,27,109,27,48,45,122,15,96,72,231,42
1835,Træna,2009,52,29,111,28,49,46,123,15,101,75,234,43
1835,Træna,2010,49,42,117,25,52,50,130,16,101,92,247,41
1835,Træna,2011,44,47,116,27,52,50,137,15,96,97,253,42
1835,Træna,2012,44,46,117,27,51,51,136,18,95,97,253,45
1835,Træna,2013,43,50,120,26,54,56,138,17,97,106,258,43
1835,Træna,2014,39,43,122,23,50,53,140,15,89,96,262,38
1836,Rødøy,1999,170,169,346,102,159,165,397,58,329,334,743,160
1836,Rødøy,2000,164,157,347,102,163,162,388,60,327,319,735,162
1836,Rødøy,2001,151,156,342,101,166,146,386,55,317,302,728,156
1836,Rødøy,2002,161,151,338,91,162,126,394,55,323,277,732,146
1836,Rødøy,2003,152,137,336,87,158,130,393,55,310,267,729,142
1836,Rødøy,2004,143,128,338,87,158,126,389,54,301,254,727,141
1836,Rødøy,2005,146,128,335,80,149,131,399,52,295,259,734,132
1836,Rødøy,2006,134,121,322,83,146,121,386,53,280,242,708,136
1836,Rødøy,2007,131,114,326,77,141,120,367,60,272,234,693,137
1836,Rødøy,2008,121,104,317,80,133,117,364,59,254,221,681,139
1836,Rødøy,2009,121,104,317,73,138,115,357,58,259,219,674,131
1836,Rødøy,2010,120,101,320,70,128,117,359,60,248,218,679,130
1836,Rødøy,2011,117,105,313,72,136,120,365,55,253,225,678,127
1836,Rødøy,2012,124,115,315,73,136,125,360,57,260,240,675,130
1836,Rødøy,2013,113,122,315,70,138,121,360,52,251,243,675,122
1836,Rødøy,2014,120,119,316,68,126,127,362,49,246,246,678,117
1837,Meløy,1999,666,633,1639,359,715,694,1724,240,1381,1327,3363,599
1837,Meløy,2000,684,596,1651,376,722,685,1749,238,1406,1281,3400,614
1837,Meløy,2001,686,596,1661,385,729,665,1775,246,1415,1261,3436,631
1837,Meløy,2002,699,593,1685,385,701,658,1775,251,1400,1251,3460,636
1837,Meløy,2003,692,589,1693,394,705,673,1774,251,1397,1262,3467,645
1837,Meløy,2004,648,568,1692,399,671,701,1759,257,1319,1269,3451,656
1837,Meløy,2005,636,564,1718,389,676,689,1763,255,1312,1253,3481,644
1837,Meløy,2006,615,562,1712,389,658,666,1771,255,1273,1228,3483,644
1837,Meløy,2007,596,581,1690,393,665,660,1754,263,1261,1241,3444,656
1837,Meløy,2008,578,566,1684,400,634,681,1752,258,1212,1247,3436,658
1837,Meløy,2009,583,568,1683,408,628,669,1789,253,1211,1237,3472,661
1837,Meløy,2010,558,573,1690,400,613,675,1808,250,1171,1248,3498,650
1837,Meløy,2011,557,594,1697,393,606,665,1814,251,1163,1259,3511,644
1837,Meløy,2012,541,613,1701,389,597,665,1815,257,1138,1278,3516,646
1837,Meløy,2013,534,621,1681,384,567,654,1812,258,1101,1275,3493,642
1837,Meløy,2014,521,624,1673,374,550,638,1805,248,1071,1262,3478,622
1838,Gildeskål,1999,213,199,599,210,193,236,598,107,406,435,1197,317
1838,Gildeskål,2000,211,182,588,215,194,230,596,109,405,412,1184,324
1838,Gildeskål,2001,201,180,561,209,193,214,593,100,394,394,1154,309
1838,Gildeskål,2002,200,178,575,207,203,205,595,92,403,383,1170,299
1838,Gildeskål,2003,187,169,568,197,200,197,596,89,387,366,1164,286
1838,Gildeskål,2004,182,183,568,190,198,181,601,84,380,364,1169,274
1838,Gildeskål,2005,175,180,554,194,191,192,594,89,366,372,1148,283
1838,Gildeskål,2006,156,186,541,183,173,182,581,84,329,368,1122,267
1838,Gildeskål,2007,152,183,536,188,167,171,582,83,319,354,1118,271
1838,Gildeskål,2008,153,178,528,181,168,174,572,80,321,352,1100,261
1838,Gildeskål,2009,142,188,525,185,169,166,580,77,311,354,1105,262
1838,Gildeskål,2010,133,171,526,173,167,151,581,73,300,322,1107,246
1838,Gildeskål,2011,143,161,536,170,161,165,585,80,304,326,1121,250
1838,Gildeskål,2012,146,152,546,157,147,166,588,81,293,318,1134,238
1838,Gildeskål,2013,154,143,555,155,147,158,602,79,301,301,1157,234
1838,Gildeskål,2014,155,150,542,155,146,179,606,79,301,329,1148,234
1839,Beiarn,1999,114,102,338,79,101,127,387,51,215,229,725,130
1839,Beiarn,2000,114,99,337,75,98,132,378,57,212,231,715,132
1839,Beiarn,2001,111,101,326,80,100,122,372,55,211,223,698,135
1839,Beiarn,2002,103,96,329,78,100,112,374,57,203,208,703,135
1839,Beiarn,2003,94,86,331,77,92,105,366,63,186,191,697,140
1839,Beiarn,2004,83,84,329,72,83,101,364,62,166,185,693,134
1839,Beiarn,2005,78,86,320,74,79,100,355,66,157,186,675,140
1839,Beiarn,2006,76,86,322,73,86,90,358,60,162,176,680,133
1839,Beiarn,2007,72,92,312,74,83,94,358,55,155,186,670,129
1839,Beiarn,2008,77,92,304,76,79,95,348,52,156,187,652,128
1839,Beiarn,2009,78,94,309,76,77,90,350,52,155,184,659,128
1839,Beiarn,2010,68,88,304,77,73,99,339,59,141,187,643,136
1839,Beiarn,2011,69,84,306,75,70,100,332,60,139,184,638,135
1839,Beiarn,2012,58,86,303,76,68,95,342,60,126,181,645,136
1839,Beiarn,2013,58,84,300,74,68,87,343,56,126,171,643,130
1839,Beiarn,2014,65,80,305,74,66,79,349,58,131,159,654,132
1840,Saltdal,1999,433,462,1289,270,441,523,1321,162,874,985,2610,432
1840,Saltdal,2000,434,435,1294,270,437,499,1322,161,871,934,2616,431
1840,Saltdal,2001,435,411,1301,273,425,490,1342,162,860,901,2643,435
1840,Saltdal,2002,424,414,1291,269,417,489,1347,167,841,903,2638,436
1840,Saltdal,2003,402,407,1314,254,412,495,1349,163,814,902,2663,417
1840,Saltdal,2004,386,417,1312,252,403,487,1363,157,789,904,2675,409
1840,Saltdal,2005,382,426,1325,253,383,468,1363,157,765,894,2688,410
1840,Saltdal,2006,371,420,1302,249,370,471,1361,160,741,891,2663,409
1840,Saltdal,2007,382,396,1309,246,366,446,1352,154,748,842,2661,400
1840,Saltdal,2008,362,429,1312,241,367,436,1360,157,729,865,2672,398
1840,Saltdal,2009,366,419,1329,236,371,415,1374,164,737,834,2703,400
1840,Saltdal,2010,346,408,1330,230,368,433,1375,161,714,841,2705,391
1840,Saltdal,2011,343,402,1321,228,367,419,1383,163,710,821,2704,391
1840,Saltdal,2012,334,430,1320,230,369,420,1382,175,703,850,2702,405
1840,Saltdal,2013,341,431,1315,237,356,452,1392,184,697,883,2707,421
1840,Saltdal,2014,323,411,1321,226,351,437,1395,180,674,848,2716,406
1841,Fauske - Fuossko,1999,832,927,2496,531,889,1032,2502,288,1721,1959,4998,819
1841,Fauske - Fuossko,2000,860,903,2537,523,899,983,2536,276,1759,1886,5073,799
1841,Fauske - Fuossko,2001,868,889,2545,517,883,980,2577,276,1751,1869,5122,793
1841,Fauske - Fuossko,2002,871,851,2573,516,885,925,2618,286,1756,1776,5191,802
1841,Fauske - Fuossko,2003,844,831,2563,513,883,896,2630,281,1727,1727,5193,794
1841,Fauske - Fuossko,2004,853,833,2578,514,877,915,2658,281,1730,1748,5236,795
1841,Fauske - Fuossko,2005,829,809,2585,517,875,883,2664,292,1704,1692,5249,809
1841,Fauske - Fuossko,2006,814,814,2586,523,870,868,2677,290,1684,1682,5263,813
1841,Fauske - Fuossko,2007,800,792,2600,520,858,864,2646,294,1658,1656,5246,814
1841,Fauske - Fuossko,2008,790,770,2615,517,849,875,2679,290,1639,1645,5294,807
1841,Fauske - Fuossko,2009,779,787,2629,505,822,875,2704,283,1601,1662,5333,788
1841,Fauske - Fuossko,2010,785,820,2648,497,813,902,2706,286,1598,1722,5354,783
1841,Fauske - Fuossko,2011,757,808,2657,497,792,912,2724,297,1549,1720,5381,794
1841,Fauske - Fuossko,2012,751,831,2665,494,789,884,2718,306,1540,1715,5383,800
1841,Fauske - Fuossko,2013,753,825,2678,492,757,903,2721,308,1510,1728,5399,800
1841,Fauske - Fuossko,2014,737,810,2708,497,759,921,2732,309,1496,1731,5440,806
1845,Sørfold,1999,189,199,607,165,232,260,656,102,421,459,1263,267
1845,Sørfold,2000,183,195,593,167,215,251,648,93,398,446,1241,260
1845,Sørfold,2001,179,199,596,164,212,241,648,87,391,440,1244,251
1845,Sørfold,2002,174,180,589,160,200,227,648,80,374,407,1237,240
1845,Sørfold,2003,173,170,581,157,190,208,647,80,363,378,1228,237
1845,Sørfold,2004,167,169,576,155,187,196,634,84,354,365,1210,239
1845,Sørfold,2005,166,164,570,151,172,192,631,82,338,356,1201,233
1845,Sørfold,2006,163,151,579,144,181,184,623,80,344,335,1202,224
1845,Sørfold,2007,158,141,565,141,175,188,616,83,333,329,1181,224
1845,Sørfold,2008,157,136,549,134,158,178,601,72,315,314,1150,206
1845,Sørfold,2009,162,135,558,132,157,184,608,70,319,319,1166,202
1845,Sørfold,2010,157,131,551,126,160,168,604,71,317,299,1155,197
1845,Sørfold,2011,166,134,545,122,155,173,606,72,321,307,1151,194
1845,Sørfold,2012,166,146,549,118,163,162,607,74,329,308,1156,192
1845,Sørfold,2013,155,150,539,117,161,167,610,72,316,317,1149,189
1845,Sørfold,2014,154,157,535,119,148,174,609,78,302,331,1144,197
1848,Steigen,1999,272,262,726,216,287,308,778,142,559,570,1504,358
1848,Steigen,2000,264,266,705,219,287,299,771,140,551,565,1476,359
1848,Steigen,2001,252,253,705,216,278,297,764,143,530,550,1469,359
1848,Steigen,2002,256,250,700,210,259,284,758,141,515,534,1458,351
1848,Steigen,2003,254,242,697,211,264,282,772,134,518,524,1469,345
1848,Steigen,2004,250,241,682,218,250,277,778,136,500,518,1460,354
1848,Steigen,2005,239,229,683,216,239,280,770,127,478,509,1453,343
1848,Steigen,2006,227,218,689,212,235,280,760,117,462,498,1449,329
1848,Steigen,2007,204,215,690,202,216,260,753,119,420,475,1443,321
1848,Steigen,2008,203,219,682,193,214,248,760,120,417,467,1442,313
1848,Steigen,2009,215,219,695,181,204,253,757,111,419,472,1452,292
1848,Steigen,2010,206,226,698,170,196,249,755,107,402,475,1453,277
1848,Steigen,2011,197,227,699,169,187,256,757,106,384,483,1456,275
1848,Steigen,2012,194,224,703,159,181,248,768,111,375,472,1471,270
1848,Steigen,2013,191,210,691,165,166,245,764,106,357,455,1455,271
1848,Steigen,2014,189,212,698,163,167,254,773,102,356,466,1471,265
1849,Hamarøy - Hábmer,1999,181,140,512,155,204,183,537,112,385,323,1049,267
1849,Hamarøy - Hábmer,2000,169,150,500,159,199,187,522,109,368,337,1022,268
1849,Hamarøy - Hábmer,2001,167,137,501,155,183,181,516,104,350,318,1017,259
1849,Hamarøy - Hábmer,2002,161,143,494,146,174,186,517,96,335,329,1011,242
1849,Hamarøy - Hábmer,2003,160,141,496,148,162,196,523,91,322,337,1019,239
1849,Hamarøy - Hábmer,2004,145,138,487,148,142,196,513,89,287,334,1000,237
1849,Hamarøy - Hábmer,2005,138,139,477,145,127,199,503,91,265,338,980,236
1849,Hamarøy - Hábmer,2006,131,139,470,149,127,200,503,89,258,339,973,238
1849,Hamarøy - Hábmer,2007,131,128,472,138,125,186,492,88,256,314,964,226
1849,Hamarøy - Hábmer,2008,127,133,468,134,124,184,494,81,251,317,962,215
1849,Hamarøy - Hábmer,2009,124,138,461,130,121,193,496,80,245,331,957,210
1849,Hamarøy - Hábmer,2010,121,149,466,127,119,190,498,74,240,339,964,201
1849,Hamarøy - Hábmer,2011,119,157,470,116,114,202,502,73,233,359,972,189
1849,Hamarøy - Hábmer,2012,117,151,479,114,112,212,508,75,229,363,987,189
1849,Hamarøy - Hábmer,2013,119,160,484,107,107,210,509,74,226,370,993,181
1849,Hamarøy - Hábmer,2014,121,170,487,104,122,204,515,79,243,374,1002,183
1850,Divtasvuodna - Tysfjord,1999,194,217,578,138,223,229,662,82,417,446,1240,220
1850,Divtasvuodna - Tysfjord,2000,186,201,570,140,223,214,663,84,409,415,1233,224
1850,Divtasvuodna - Tysfjord,2001,180,189,571,136,214,214,670,80,394,403,1241,216
1850,Divtasvuodna - Tysfjord,2002,177,194,570,140,204,222,676,81,381,416,1246,221
1850,Divtasvuodna - Tysfjord,2003,169,188,567,136,204,218,669,77,373,406,1236,213
1850,Divtasvuodna - Tysfjord,2004,162,187,564,131,195,212,670,72,357,399,1234,203
1850,Divtasvuodna - Tysfjord,2005,157,173,557,124,175,209,665,71,332,382,1222,195
1850,Divtasvuodna - Tysfjord,2006,144,168,558,122,172,199,652,73,316,367,1210,195
1850,Divtasvuodna - Tysfjord,2007,142,158,552,114,166,181,641,74,308,339,1193,188
1850,Divtasvuodna - Tysfjord,2008,147,160,539,115,161,183,634,72,308,343,1173,187
1850,Divtasvuodna - Tysfjord,2009,156,146,546,112,169,183,636,77,325,329,1182,189
1850,Divtasvuodna - Tysfjord,2010,142,147,539,112,164,186,625,71,306,333,1164,183
1850,Divtasvuodna - Tysfjord,2011,136,144,532,116,151,203,629,76,287,347,1161,192
1850,Divtasvuodna - Tysfjord,2012,137,144,520,116,141,188,619,76,278,332,1139,192
1850,Divtasvuodna - Tysfjord,2013,128,139,535,109,142,198,635,78,270,337,1170,187
1850,Divtasvuodna - Tysfjord,2014,131,144,539,106,141,198,648,78,272,342,1187,184
1851,Lødingen,1999,211,193,667,168,230,236,676,91,441,429,1343,259
1851,Lødingen,2000,212,201,668,161,224,221,665,94,436,422,1333,255
1851,Lødingen,2001,202,188,655,162,209,216,661,86,411,404,1316,248
1851,Lødingen,2002,199,172,652,166,211,199,654,86,410,371,1306,252
1851,Lødingen,2003,199,169,656,173,203,211,664,87,402,380,1320,260
1851,Lødingen,2004,188,182,656,177,210,214,653,92,398,396,1309,269
1851,Lødingen,2005,179,179,645,173,192,212,647,102,371,391,1292,275
1851,Lødingen,2006,179,182,633,175,180,203,638,109,359,385,1271,284
1851,Lødingen,2007,167,169,622,182,164,210,620,106,331,379,1242,288
1851,Lødingen,2008,173,174,627,179,159,214,625,107,332,388,1252,286
1851,Lødingen,2009,163,169,630,165,162,207,623,111,325,376,1253,276
1851,Lødingen,2010,150,167,616,161,151,206,617,103,301,373,1233,264
1851,Lødingen,2011,156,169,614,159,139,211,631,94,295,380,1245,253
1851,Lødingen,2012,167,172,600,159,135,220,617,95,302,392,1217,254
1851,Lødingen,2013,170,193,610,159,143,213,621,90,313,406,1231,249
1851,Lødingen,2014,164,184,615,149,151,232,639,96,315,416,1254,245
1852,Tjeldsund,1999,118,130,408,94,121,147,427,67,239,277,835,161
1852,Tjeldsund,2000,120,126,414,94,124,152,414,65,244,278,828,159
1852,Tjeldsund,2001,111,119,398,102,105,143,406,62,216,262,804,164
1852,Tjeldsund,2002,118,119,406,106,109,134,405,61,227,253,811,167
1852,Tjeldsund,2003,119,91,402,110,113,119,412,60,232,210,814,170
1852,Tjeldsund,2004,119,88,404,112,112,121,415,60,231,209,819,172
1852,Tjeldsund,2005,107,84,405,110,115,110,416,60,222,194,821,170
1852,Tjeldsund,2006,106,80,404,106,110,104,405,67,216,184,809,173
1852,Tjeldsund,2007,106,83,389,109,103,95,393,65,209,178,782,174
1852,Tjeldsund,2008,104,88,383,104,101,102,378,67,205,190,761,171
1852,Tjeldsund,2009,109,94,368,105,98,103,383,66,207,197,751,171
1852,Tjeldsund,2010,95,105,377,99,103,101,381,69,198,206,758,168
1852,Tjeldsund,2011,90,92,372,102,99,100,380,73,189,192,752,175
1852,Tjeldsund,2012,90,89,360,97,93,94,379,66,183,183,739,163
1852,Tjeldsund,2013,88,92,358,97,90,101,379,62,178,193,737,159
1852,Tjeldsund,2014,84,81,358,91,90,93,383,65,174,174,741,156
1853,Evenes,1999,106,140,393,111,115,156,426,62,221,296,819,173
1853,Evenes,2000,100,142,393,110,118,156,429,58,218,298,822,168
1853,Evenes,2001,104,139,387,117,113,149,417,55,217,288,804,172
1853,Evenes,2002,121,132,392,107,132,141,410,56,253,273,802,163
1853,Evenes,2003,120,131,392,105,131,137,410,50,251,268,802,155
1853,Evenes,2004,120,114,385,101,129,131,403,52,249,245,788,153
1853,Evenes,2005,121,105,384,101,124,113,406,47,245,218,790,148
1853,Evenes,2006,117,93,381,95,120,107,395,54,237,200,776,149
1853,Evenes,2007,110,90,380,95,112,107,392,57,222,197,772,152
1853,Evenes,2008,111,91,389,92,113,108,388,56,224,199,777,148
1853,Evenes,2009,99,92,389,90,121,97,393,55,220,189,782,145
1853,Evenes,2010,110,86,392,94,110,100,398,56,220,186,790,150
1853,Evenes,2011,104,81,386,95,108,94,398,59,212,175,784,154
1853,Evenes,2012,104,85,386,98,108,99,410,55,212,184,796,153
1853,Evenes,2013,107,93,387,99,109,94,416,57,216,187,803,156
1853,Evenes,2014,106,100,389,92,112,106,410,58,218,206,799,150
1854,Ballangen,1999,225,241,713,210,277,294,744,100,502,535,1457,310
1854,Ballangen,2000,235,212,710,208,264,286,742,96,499,498,1452,304
1854,Ballangen,2001,217,199,711,204,253,290,723,98,470,489,1434,302
1854,Ballangen,2002,212,194,707,192,243,278,732,94,455,472,1439,286
1854,Ballangen,2003,203,198,704,194,254,255,754,86,457,453,1458,280
1854,Ballangen,2004,209,207,712,190,244,258,759,89,453,465,1471,279
1854,Ballangen,2005,229,207,717,188,255,253,767,99,484,460,1484,287
1854,Ballangen,2006,225,204,707,185,238,259,756,102,463,463,1463,287
1854,Ballangen,2007,217,205,701,186,247,253,746,104,464,458,1447,290
1854,Ballangen,2008,210,194,691,182,239,242,755,104,449,436,1446,286
1854,Ballangen,2009,202,199,699,176,225,234,763,96,427,433,1462,272
1854,Ballangen,2010,194,213,695,180,219,242,758,95,413,455,1453,275
1854,Ballangen,2011,195,205,705,177,221,243,755,94,416,448,1460,271
1854,Ballangen,2012,200,206,713,167,205,247,760,91,405,453,1473,258
1854,Ballangen,2013,202,204,714,163,205,248,747,88,407,452,1461,251
1854,Ballangen,2014,193,200,726,159,212,230,744,102,405,430,1470,261
1856,Røst,1999,56,61,160,28,70,69,182,23,126,130,342,51
1856,Røst,2000,59,63,164,30,66,66,182,22,125,129,346,52
1856,Røst,2001,61,59,159,31,71,63,176,22,132,122,335,53
1856,Røst,2002,61,52,159,36,72,61,177,22,133,113,336,58
1856,Røst,2003,63,52,157,41,70,57,172,22,133,109,329,63
1856,Røst,2004,63,48,154,40,64,54,167,24,127,102,321,64
1856,Røst,2005,56,49,156,35,62,47,172,21,118,96,328,56
1856,Røst,2006,50,49,154,34,58,49,172,25,108,98,326,59
1856,Røst,2007,53,53,149,33,49,52,168,25,102,105,317,58
1856,Røst,2008,58,62,153,34,53,54,179,23,111,116,332,57
1856,Røst,2009,55,58,153,32,55,54,172,21,110,112,325,53
1856,Røst,2010,50,66,146,35,51,59,175,22,101,125,321,57
1856,Røst,2011,48,60,152,37,48,62,172,21,96,122,324,58
1856,Røst,2012,52,53,153,30,42,62,175,22,94,115,328,52
1856,Røst,2013,45,43,150,33,42,51,170,26,87,94,320,59
1856,Røst,2014,43,44,156,32,41,52,171,24,84,96,327,56
1857,Værøy,1999,93,69,197,50,63,81,214,27,156,150,411,77
1857,Værøy,2000,87,61,192,49,60,81,212,27,147,142,404,76
1857,Værøy,2001,86,64,190,49,58,75,220,26,144,139,410,75
1857,Værøy,2002,90,56,192,49,55,72,220,27,145,128,412,76
1857,Værøy,2003,90,58,186,51,60,65,225,26,150,123,411,77
1857,Værøy,2004,82,62,195,52,55,58,219,29,137,120,414,81
1857,Værøy,2005,74,65,196,45,55,54,225,24,129,119,421,69
1857,Værøy,2006,75,60,199,50,51,63,224,17,126,123,423,67
1857,Værøy,2007,73,59,197,51,56,65,220,18,129,124,417,69
1857,Værøy,2008,69,59,202,53,52,65,217,20,121,124,419,73
1857,Værøy,2009,64,62,209,47,59,58,216,15,123,120,425,62
1857,Værøy,2010,63,75,213,48,59,57,224,14,122,132,437,62
1857,Værøy,2011,59,73,212,45,60,52,222,16,119,125,434,61
1857,Værøy,2012,60,75,211,43,65,58,213,21,125,133,424,64
1857,Værøy,2013,59,76,208,40,64,59,219,24,123,135,427,64
1857,Værøy,2014,58,77,211,43,65,62,225,27,123,139,436,70
1859,Flakstad,1999,174,123,391,93,167,147,414,49,341,270,805,142
1859,Flakstad,2000,176,120,391,95,176,128,417,54,352,248,808,149
1859,Flakstad,2001,159,115,404,86,182,129,412,54,341,244,816,140
1859,Flakstad,2002,158,113,394,92,179,118,404,59,337,231,798,151
1859,Flakstad,2003,153,117,393,89,172,124,404,58,325,241,797,147
1859,Flakstad,2004,137,114,384,92,160,125,401,57,297,239,785,149
1859,Flakstad,2005,134,108,386,90,158,127,395,58,292,235,781,148
1859,Flakstad,2006,125,113,381,89,154,126,394,61,279,239,775,150
1859,Flakstad,2007,130,112,375,97,150,134,390,60,280,246,765,157
1859,Flakstad,2008,129,110,376,95,145,130,386,59,274,240,762,154
1859,Flakstad,2009,123,111,376,93,138,126,381,62,261,237,757,155
1859,Flakstad,2010,109,108,370,90,122,131,370,66,231,239,740,156
1859,Flakstad,2011,103,113,370,86,113,135,356,73,216,248,726,159
1859,Flakstad,2012,99,122,370,92,112,144,353,78,211,266,723,170
1859,Flakstad,2013,103,125,365,90,107,142,361,75,210,267,726,165
1859,Flakstad,2014,93,137,351,89,95,143,369,75,188,280,720,164
1860,Vestvågøy,1999,1035,1008,2677,602,1080,1053,2765,334,2115,2061,5442,936
1860,Vestvågøy,2000,1081,967,2727,590,1070,1035,2810,333,2151,2002,5537,923
1860,Vestvågøy,2001,1082,950,2715,601,1061,1057,2842,343,2143,2007,5557,944
1860,Vestvågøy,2002,1051,935,2714,601,1061,994,2840,346,2112,1929,5554,947
1860,Vestvågøy,2003,1070,922,2754,597,1091,972,2849,362,2161,1894,5603,959
1860,Vestvågøy,2004,1056,933,2765,598,1096,1017,2857,367,2152,1950,5622,965
1860,Vestvågøy,2005,1052,918,2770,598,1052,1008,2856,371,2104,1926,5626,969
1860,Vestvågøy,2006,1061,937,2779,583,1095,997,2847,367,2156,1934,5626,950
1860,Vestvågøy,2007,1039,930,2786,593,1097,961,2869,373,2136,1891,5655,966
1860,Vestvågøy,2008,1000,938,2803,591,1039,968,2872,372,2039,1906,5675,963
1860,Vestvågøy,2009,993,945,2811,582,1006,1014,2882,361,1999,1959,5693,943
1860,Vestvågøy,2010,975,971,2809,586,972,1010,2870,374,1947,1981,5679,960
1860,Vestvågøy,2011,963,969,2840,572,956,1087,2888,371,1919,2056,5728,943
1860,Vestvågøy,2012,981,988,2845,586,955,1091,2904,375,1936,2079,5749,961
1860,Vestvågøy,2013,959,1042,2867,565,930,1113,2914,372,1889,2155,5781,937
1860,Vestvågøy,2014,974,1070,2895,552,925,1142,2944,374,1899,2212,5839,926
1865,Vågan,1999,800,903,2324,519,826,969,2413,289,1626,1872,4737,808
1865,Vågan,2000,810,896,2312,532,833,973,2465,291,1643,1869,4777,823
1865,Vågan,2001,811,847,2354,523,829,936,2478,288,1640,1783,4832,811
1865,Vågan,2002,818,791,2380,524,834,900,2477,280,1652,1691,4857,804
1865,Vågan,2003,771,802,2361,522,836,880,2489,275,1607,1682,4850,797
1865,Vågan,2004,786,813,2370,515,812,883,2500,282,1598,1696,4870,797
1865,Vågan,2005,786,811,2383,504,814,871,2486,277,1600,1682,4869,781
1865,Vågan,2006,779,795,2389,517,781,879,2501,273,1560,1674,4890,790
1865,Vågan,2007,777,779,2371,518,781,875,2499,288,1558,1654,4870,806
1865,Vågan,2008,781,757,2398,502,766,838,2527,276,1547,1595,4925,778
1865,Vågan,2009,770,767,2421,498,768,845,2549,270,1538,1612,4970,768
1865,Vågan,2010,765,769,2440,490,762,855,2560,277,1527,1624,5000,767
1865,Vågan,2011,776,757,2441,472,790,864,2568,279,1566,1621,5009,751
1865,Vågan,2012,743,816,2451,460,777,857,2578,297,1520,1673,5029,757
1865,Vågan,2013,749,828,2504,454,781,884,2630,300,1530,1712,5134,754
1865,Vågan,2014,737,826,2525,444,757,885,2650,304,1494,1711,5175,748
1866,Hadsel,1999,709,786,2178,482,811,799,2223,264,1520,1585,4401,746
1866,Hadsel,2000,705,757,2179,462,817,789,2227,279,1522,1546,4406,741
1866,Hadsel,2001,695,715,2159,470,811,751,2234,280,1506,1466,4393,750
1866,Hadsel,2002,679,687,2163,466,808,737,2235,282,1487,1424,4398,748
1866,Hadsel,2003,666,675,2155,469,793,719,2192,295,1459,1394,4347,764
1866,Hadsel,2004,675,663,2134,480,776,741,2209,284,1451,1404,4343,764
1866,Hadsel,2005,653,675,2137,478,783,732,2230,279,1436,1407,4367,757
1866,Hadsel,2006,644,666,2142,471,751,746,2230,275,1395,1412,4372,746
1866,Hadsel,2007,632,660,2135,452,725,727,2222,283,1357,1387,4357,735
1866,Hadsel,2008,649,662,2161,438,717,728,2227,283,1366,1390,4388,721
1866,Hadsel,2009,650,665,2148,439,712,748,2238,287,1362,1413,4386,726
1866,Hadsel,2010,645,675,2160,428,681,766,2252,290,1326,1441,4412,718
1866,Hadsel,2011,616,693,2154,420,658,785,2243,284,1274,1478,4397,704
1866,Hadsel,2012,601,695,2187,401,641,782,2256,295,1242,1477,4443,696
1866,Hadsel,2013,621,703,2219,394,648,815,2258,304,1269,1518,4477,698
1866,Hadsel,2014,611,722,2230,399,650,820,2290,311,1261,1542,4520,710
1867,Bø (Nordland),1999,269,253,877,301,262,268,906,171,531,521,1783,472
1867,Bø (Nordland),2000,266,234,862,307,255,249,903,169,521,483,1765,476
1867,Bø (Nordland),2001,264,228,855,296,252,242,895,166,516,470,1750,462
1867,Bø (Nordland),2002,275,216,844,295,247,229,867,156,522,445,1711,451
1867,Bø (Nordland),2003,255,215,846,281,246,222,858,152,501,437,1704,433
1867,Bø (Nordland),2004,237,211,829,280,232,218,858,155,469,429,1687,435
1867,Bø (Nordland),2005,238,207,810,277,232,210,850,151,470,417,1660,428
1867,Bø (Nordland),2006,229,200,802,271,230,202,845,144,459,402,1647,415
1867,Bø (Nordland),2007,218,199,796,266,226,201,830,141,444,400,1626,407
1867,Bø (Nordland),2008,208,191,795,262,224,198,812,152,432,389,1607,414
1867,Bø (Nordland),2009,198,185,797,257,226,197,810,145,424,382,1607,402
1867,Bø (Nordland),2010,200,173,788,248,217,204,808,137,417,377,1596,385
1867,Bø (Nordland),2011,194,185,784,244,213,204,806,143,407,389,1590,387
1867,Bø (Nordland),2012,183,189,763,234,198,209,778,148,381,398,1541,382
1867,Bø (Nordland),2013,165,186,745,232,182,203,765,160,347,389,1510,392
1867,Bø (Nordland),2014,166,186,738,240,184,199,764,152,350,385,1502,392
1868,Øksnes,1999,479,503,1167,217,457,497,1236,134,936,1000,2403,351
1868,Øksnes,2000,482,466,1209,209,461,464,1262,132,943,930,2471,341
1868,Øksnes,2001,485,440,1197,204,477,433,1261,138,962,873,2458,342
1868,Øksnes,2002,477,421,1219,212,476,421,1267,133,953,842,2486,345
1868,Øksnes,2003,486,412,1224,197,467,398,1287,129,953,810,2511,326
1868,Øksnes,2004,488,384,1228,202,475,392,1286,125,963,776,2514,327
1868,Øksnes,2005,473,373,1226,201,456,379,1271,125,929,752,2497,326
1868,Øksnes,2006,463,378,1213,216,446,376,1283,139,909,754,2496,355
1868,Øksnes,2007,446,369,1217,208,430,379,1258,137,876,748,2475,345
1868,Øksnes,2008,439,356,1213,211,408,372,1250,132,847,728,2463,343
1868,Øksnes,2009,431,364,1206,225,409,374,1241,132,840,738,2447,357
1868,Øksnes,2010,404,376,1213,225,398,389,1251,138,802,765,2464,363
1868,Øksnes,2011,386,389,1213,228,379,414,1244,142,765,803,2457,370
1868,Øksnes,2012,373,419,1215,232,371,426,1240,150,744,845,2455,382
1868,Øksnes,2013,362,421,1219,226,357,437,1266,143,719,858,2485,369
1868,Øksnes,2014,368,437,1226,223,348,452,1302,155,716,889,2528,378
1870,Sortland - Suortá,1999,845,871,2295,459,1019,906,2297,268,1864,1777,4592,727
1870,Sortland - Suortá,2000,865,874,2334,476,1040,882,2358,280,1905,1756,4692,756
1870,Sortland - Suortá,2001,887,862,2377,488,1043,892,2400,267,1930,1754,4777,755
1870,Sortland - Suortá,2002,907,855,2420,479,1068,861,2443,252,1975,1716,4863,731
1870,Sortland - Suortá,2003,928,840,2441,495,1067,868,2472,250,1995,1708,4913,745
1870,Sortland - Suortá,2004,926,854,2459,494,1059,885,2478,254,1985,1739,4937,748
1870,Sortland - Suortá,2005,919,844,2493,497,1029,910,2498,242,1948,1754,4991,739
1870,Sortland - Suortá,2006,921,865,2523,499,1010,937,2527,249,1931,1802,5050,748
1870,Sortland - Suortá,2007,898,894,2543,491,994,962,2556,261,1892,1856,5099,752
1870,Sortland - Suortá,2008,867,886,2554,476,962,972,2588,256,1829,1858,5142,732
1870,Sortland - Suortá,2009,868,876,2581,460,950,998,2632,249,1818,1874,5213,709
1870,Sortland - Suortá,2010,871,911,2610,443,948,1030,2647,240,1819,1941,5257,683
1870,Sortland - Suortá,2011,881,900,2628,433,937,1034,2705,232,1818,1934,5333,665
1870,Sortland - Suortá,2012,881,933,2653,435,941,1055,2740,233,1822,1988,5393,668
1870,Sortland - Suortá,2013,882,914,2705,430,948,1072,2776,250,1830,1986,5481,680
1870,Sortland - Suortá,2014,855,937,2735,420,934,1101,2769,260,1789,2038,5504,680
1871,Andøy,1999,494,492,1487,379,496,593,1543,218,990,1085,3030,597
1871,Andøy,2000,489,479,1494,373,507,565,1541,214,996,1044,3035,587
1871,Andøy,2001,477,476,1456,371,510,530,1520,204,987,1006,2976,575
1871,Andøy,2002,486,437,1463,371,521,490,1524,194,1007,927,2987,565
1871,Andøy,2003,482,415,1462,366,514,471,1517,186,996,886,2979,552
1871,Andøy,2004,484,400,1452,359,510,485,1493,195,994,885,2945,554
1871,Andøy,2005,467,390,1439,354,484,484,1474,196,951,874,2913,550
1871,Andøy,2006,447,384,1415,357,456,476,1475,194,903,860,2890,551
1871,Andøy,2007,407,390,1401,344,449,437,1475,188,856,827,2876,532
1871,Andøy,2008,404,386,1387,334,445,428,1452,187,849,814,2839,521
1871,Andøy,2009,411,364,1390,321,437,425,1437,197,848,789,2827,518
1871,Andøy,2010,409,367,1380,318,425,437,1427,190,834,804,2807,508
1871,Andøy,2011,391,395,1380,321,416,458,1441,192,807,853,2821,513
1871,Andøy,2012,380,400,1373,321,409,452,1466,188,789,852,2839,509
1871,Andøy,2013,361,433,1351,316,412,464,1442,192,773,897,2793,508
1871,Andøy,2014,365,434,1342,311,407,464,1421,198,772,898,2763,509
1874,Moskenes,1999,107,116,323,80,121,153,384,45,228,269,707,125
1874,Moskenes,2000,107,111,317,86,131,151,382,49,238,262,699,135
1874,Moskenes,2001,101,108,314,84,123,134,374,55,224,242,688,139
1874,Moskenes,2002,99,99,315,85,114,125,366,61,213,224,681,146
1874,Moskenes,2003,93,104,306,84,123,103,361,62,216,207,667,146
1874,Moskenes,2004,86,104,303,82,113,102,349,59,199,206,652,141
1874,Moskenes,2005,83,101,298,81,116,105,347,59,199,206,645,140
1874,Moskenes,2006,80,95,299,80,106,111,340,63,186,206,639,143
1874,Moskenes,2007,81,94,299,73,102,102,333,64,183,196,632,137
1874,Moskenes,2008,79,89,295,69,99,93,330,63,178,182,625,132
1874,Moskenes,2009,75,83,285,76,97,90,338,61,172,173,623,137
1874,Moskenes,2010,78,84,286,80,94,101,342,59,172,185,628,139
1874,Moskenes,2011,77,77,282,81,86,104,346,58,163,181,628,139
1874,Moskenes,2012,67,76,285,80,83,100,350,62,150,176,635,142
1874,Moskenes,2013,74,75,295,74,84,94,352,64,158,169,647,138
1874,Moskenes,2014,69,74,287,78,73,108,345,65,142,182,632,143
1902,Tromsø,1999,5574,6329,15186,1690,6011,6147,15345,933,11585,12476,30531,2623
1902,Tromsø,2000,5705,6285,15569,1710,6187,6046,15710,971,11892,12331,31279,2681
1902,Tromsø,2001,5790,6287,15883,1714,6374,6115,16011,1000,12164,12402,31894,2714
1902,Tromsø,2002,5873,6207,16104,1746,6412,5991,16297,1018,12285,12198,32401,2764
1902,Tromsø,2003,5868,6133,16414,1828,6457,6007,16606,1005,12325,12140,33020,2833
1902,Tromsø,2004,5883,6078,16770,1873,6480,6052,16931,1009,12363,12130,33701,2882
1902,Tromsø,2005,5900,6088,17023,1892,6431,6050,17261,1050,12331,12138,34284,2942
1902,Tromsø,2006,5912,6226,17321,1880,6387,6291,17577,1072,12299,12517,34898,2952
1902,Tromsø,2007,5913,6380,17585,1886,6320,6496,17851,1107,12233,12876,35436,2993
1902,Tromsø,2008,5804,6610,17798,1878,6344,6752,18059,1110,12148,13362,35857,2988
1902,Tromsø,2009,5849,6846,18056,1872,6346,7004,18371,1141,12195,13850,36427,3013
1902,Tromsø,2010,5914,6928,18334,1856,6378,7171,18600,1181,12292,14099,36934,3037
1902,Tromsø,2011,5890,7144,18571,1884,6334,7370,18850,1213,12224,14514,37421,3097
1902,Tromsø,2012,5908,7369,18813,1889,6333,7529,19132,1251,12241,14898,37945,3140
1902,Tromsø,2013,5915,7574,19118,1920,6358,7868,19461,1274,12273,15442,38579,3194
1902,Tromsø,2014,5913,7814,19385,1946,6381,8066,19916,1313,12294,15880,39301,3259
1911,Kvæfjord,1999,334,280,830,208,319,335,872,97,653,615,1702,305
1911,Kvæfjord,2000,338,279,820,198,321,352,856,91,659,631,1676,289
1911,Kvæfjord,2001,332,265,815,187,308,340,855,91,640,605,1670,278
1911,Kvæfjord,2002,322,256,817,182,308,304,851,86,630,560,1668,268
1911,Kvæfjord,2003,319,236,832,161,306,284,854,89,625,520,1686,250
1911,Kvæfjord,2004,301,222,838,159,296,273,863,95,597,495,1701,254
1911,Kvæfjord,2005,308,220,842,152,292,274,852,96,600,494,1694,248
1911,Kvæfjord,2006,301,239,840,153,288,269,860,97,589,508,1700,250
1911,Kvæfjord,2007,287,240,843,148,278,274,857,93,565,514,1700,241
1911,Kvæfjord,2008,262,248,852,151,283,275,849,91,545,523,1701,242
1911,Kvæfjord,2009,241,273,840,145,291,272,844,94,532,545,1684,239
1911,Kvæfjord,2010,241,275,838,142,282,307,842,91,523,582,1680,233
1911,Kvæfjord,2011,228,286,838,144,279,297,851,98,507,583,1689,242
1911,Kvæfjord,2012,214,300,834,142,266,289,855,101,480,589,1689,243
1911,Kvæfjord,2013,209,323,823,146,257,319,848,117,466,642,1671,263
1911,Kvæfjord,2014,219,318,835,155,268,318,855,114,487,636,1690,269
1913,Skånland,1999,256,322,796,176,260,343,841,120,516,665,1637,296
1913,Skånland,2000,246,319,788,174,263,339,836,118,509,658,1624,292
1913,Skånland,2001,234,318,778,176,241,363,845,114,475,681,1623,290
1913,Skånland,2002,232,313,782,179,231,343,844,113,463,656,1626,292
1913,Skånland,2003,235,298,791,176,226,332,845,113,461,630,1636,289
1913,Skånland,2004,227,292,800,177,214,313,851,104,441,605,1651,281
1913,Skånland,2005,222,289,792,166,209,299,849,108,431,588,1641,274
1913,Skånland,2006,213,267,790,170,195,294,849,113,408,561,1639,283
1913,Skånland,2007,214,241,794,168,194,289,844,120,408,530,1638,288
1913,Skånland,2008,202,237,787,170,183,280,856,108,385,517,1643,278
1913,Skånland,2009,215,233,795,166,188,259,851,111,403,492,1646,277
1913,Skånland,2010,208,224,799,163,183,260,876,114,391,484,1675,277
1913,Skånland,2011,218,215,816,158,188,277,881,113,406,492,1697,271
1913,Skånland,2012,224,234,829,156,201,283,903,109,425,517,1732,265
1913,Skånland,2013,231,226,825,150,204,263,915,105,435,489,1740,255
1913,Skånland,2014,241,221,836,154,200,252,912,107,441,473,1748,261
1917,Ibestad,1999,127,146,466,160,121,172,501,103,248,318,967,263
1917,Ibestad,2000,116,135,469,154,118,165,489,102,234,300,958,256
1917,Ibestad,2001,117,125,460,154,114,157,489,95,231,282,949,249
1917,Ibestad,2002,115,129,454,157,122,145,482,95,237,274,936,252
1917,Ibestad,2003,115,126,449,147,125,145,477,92,240,271,926,239
1917,Ibestad,2004,121,130,447,146,132,141,470,94,253,271,917,240
1917,Ibestad,2005,116,125,439,143,130,135,459,93,246,260,898,236
1917,Ibestad,2006,114,126,426,151,122,132,460,93,236,258,886,244
1917,Ibestad,2007,107,116,419,151,106,131,436,96,213,247,855,247
1917,Ibestad,2008,93,111,415,146,101,120,425,90,194,231,840,236
1917,Ibestad,2009,85,101,392,143,96,112,413,91,181,213,805,234
1917,Ibestad,2010,78,99,380,141,97,111,409,85,175,210,789,226
1917,Ibestad,2011,77,100,378,140,88,128,412,90,165,228,790,230
1917,Ibestad,2012,76,109,373,133,87,125,414,85,163,234,787,218
1917,Ibestad,2013,73,115,371,132,98,123,424,81,171,238,795,213
1917,Ibestad,2014,74,114,379,126,97,126,425,82,171,240,804,208
1919,Gratangen,1999,102,110,325,106,118,127,368,59,220,237,693,165
1919,Gratangen,2000,106,117,318,102,124,131,368,65,230,248,686,167
1919,Gratangen,2001,108,104,313,103,120,124,361,65,228,228,674,168
1919,Gratangen,2002,104,109,312,102,119,130,365,59,223,239,677,161
1919,Gratangen,2003,104,109,306,101,126,120,363,57,230,229,669,158
1919,Gratangen,2004,108,99,306,97,126,124,352,63,234,223,658,160
1919,Gratangen,2005,100,92,313,95,122,111,352,63,222,203,665,158
1919,Gratangen,2006,96,90,310,90,117,115,351,64,213,205,661,154
1919,Gratangen,2007,94,87,306,90,112,116,348,63,206,203,654,153
1919,Gratangen,2008,83,77,300,90,102,113,326,65,185,190,626,155
1919,Gratangen,2009,82,80,299,90,94,106,328,64,176,186,627,154
1919,Gratangen,2010,84,76,301,88,93,104,333,62,177,180,634,150
1919,Gratangen,2011,76,75,291,86,89,107,325,60,165,182,616,146
1919,Gratangen,2012,78,80,295,87,86,109,333,59,164,189,628,146
1919,Gratangen,2013,75,73,295,84,87,101,332,58,162,174,627,142
1919,Gratangen,2014,84,82,290,88,83,105,338,61,167,187,628,149
1920,Loabák - Lavangen,1999,87,81,261,90,90,116,286,44,177,197,547,134
1920,Loabák - Lavangen,2000,89,80,259,88,90,114,283,42,179,194,542,130
1920,Loabák - Lavangen,2001,82,73,268,85,82,107,283,38,164,180,551,123
1920,Loabák - Lavangen,2002,90,81,262,86,84,108,288,40,174,189,550,126
1920,Loabák - Lavangen,2003,94,87,264,86,87,112,293,38,181,199,557,124
1920,Loabák - Lavangen,2004,86,90,255,89,92,102,289,45,178,192,544,134
1920,Loabák - Lavangen,2005,77,81,255,92,91,90,288,45,168,171,543,137
1920,Loabák - Lavangen,2006,80,83,250,95,101,82,291,40,181,165,541,135
1920,Loabák - Lavangen,2007,77,74,252,91,95,84,283,45,172,158,535,136
1920,Loabák - Lavangen,2008,81,76,253,89,95,78,281,48,176,154,534,137
1920,Loabák - Lavangen,2009,79,90,248,87,93,77,286,49,172,167,534,136
1920,Loabák - Lavangen,2010,77,84,251,80,90,79,289,48,167,163,540,128
1920,Loabák - Lavangen,2011,80,85,247,73,88,85,282,51,168,170,529,124
1920,Loabák - Lavangen,2012,84,82,252,68,86,93,287,50,170,175,539,118
1920,Loabák - Lavangen,2013,89,73,254,67,88,93,291,46,177,166,545,113
1920,Loabák - Lavangen,2014,92,73,249,70,84,92,294,48,176,165,543,118
1922,Bardu,1999,318,395,954,155,352,487,987,90,670,882,1941,245
1922,Bardu,2000,351,394,956,164,379,494,1006,90,730,888,1962,254
1922,Bardu,2001,345,379,960,162,361,491,1008,87,706,870,1968,249
1922,Bardu,2002,322,371,950,171,339,503,997,86,661,874,1947,257
1922,Bardu,2003,324,364,956,178,338,526,1013,89,662,890,1969,267
1922,Bardu,2004,329,361,959,179,355,518,1015,93,684,879,1974,272
1922,Bardu,2005,347,358,974,185,366,477,1023,103,713,835,1997,288
1922,Bardu,2006,338,333,989,176,351,432,1016,112,689,765,2005,288
1922,Bardu,2007,369,314,1020,174,354,456,1054,110,723,770,2074,284
1922,Bardu,2008,357,342,1018,184,361,499,1054,119,718,841,2072,303
1922,Bardu,2009,371,356,1028,182,365,447,1060,120,736,803,2088,302
1922,Bardu,2010,362,348,1029,183,351,441,1049,125,713,789,2078,308
1922,Bardu,2011,360,343,1039,176,365,419,1071,126,725,762,2110,302
1922,Bardu,2012,341,330,1037,174,336,410,1051,128,677,740,2088,302
1922,Bardu,2013,341,336,1046,182,351,463,1041,129,692,799,2087,311
1922,Bardu,2014,338,362,1040,184,345,491,1043,130,683,853,2083,314
1923,Salangen,1999,203,222,573,135,213,262,660,84,416,484,1233,219
1923,Salangen,2000,202,210,579,121,211,258,655,82,413,468,1234,203
1923,Salangen,2001,214,201,582,119,217,250,668,82,431,451,1250,201
1923,Salangen,2002,211,190,574,112,214,229,661,82,425,419,1235,194
1923,Salangen,2003,209,179,576,108,214,218,664,75,423,397,1240,183
1923,Salangen,2004,209,184,585,104,207,223,654,73,416,407,1239,177
1923,Salangen,2005,208,163,587,104,206,236,647,76,414,399,1234,180
1923,Salangen,2006,200,171,600,103,216,240,644,74,416,411,1244,177
1923,Salangen,2007,190,176,596,100,201,224,641,77,391,400,1237,177
1923,Salangen,2008,182,169,589,91,191,225,629,73,373,394,1218,164
1923,Salangen,2009,189,189,591,95,190,215,642,71,379,404,1233,166
1923,Salangen,2010,181,201,595,92,187,228,642,67,368,429,1237,159
1923,Salangen,2011,175,192,594,82,171,236,640,68,346,428,1234,150
1923,Salangen,2012,175,211,600,87,173,232,640,72,348,443,1240,159
1923,Salangen,2013,181,197,612,79,169,251,647,72,350,448,1259,151
1923,Salangen,2014,163,209,615,82,156,260,642,78,319,469,1257,160
1924,Målselv,1999,641,700,1699,314,714,839,1822,181,1355,1539,3521,495
1924,Målselv,2000,644,664,1710,322,725,854,1863,180,1369,1518,3573,502
1924,Målselv,2001,649,629,1734,329,716,809,1869,185,1365,1438,3603,514
1924,Målselv,2002,634,595,1708,337,676,780,1845,186,1310,1375,3553,523
1924,Målselv,2003,622,577,1701,334,686,801,1840,182,1308,1378,3541,516
1924,Målselv,2004,617,566,1706,321,673,736,1849,187,1290,1302,3555,508
1924,Målselv,2005,600,562,1701,316,643,719,1849,184,1243,1281,3550,500
1924,Målselv,2006,593,542,1700,323,619,703,1836,184,1212,1245,3536,507
1924,Målselv,2007,585,551,1689,319,615,721,1841,186,1200,1272,3530,505
1924,Målselv,2008,573,562,1670,329,616,739,1830,200,1189,1301,3500,529
1924,Målselv,2009,567,554,1669,329,600,678,1822,203,1167,1232,3491,532
1924,Målselv,2010,546,554,1678,319,571,729,1830,210,1117,1283,3508,529
1924,Målselv,2011,536,582,1684,310,569,763,1829,217,1105,1345,3513,527
1924,Målselv,2012,547,594,1701,307,576,780,1815,215,1123,1374,3516,522
1924,Målselv,2013,518,617,1706,311,566,795,1828,221,1084,1412,3534,532
1924,Målselv,2014,485,630,1671,329,544,840,1837,224,1029,1470,3508,553
1925,Sørreisa,1999,303,314,860,181,313,330,878,77,616,644,1738,258
1925,Sørreisa,2000,303,307,862,174,325,325,869,83,628,632,1731,257
1925,Sørreisa,2001,302,275,865,177,329,322,869,91,631,597,1734,268
1925,Sørreisa,2002,308,258,872,174,347,317,894,92,655,575,1766,266
1925,Sørreisa,2003,309,270,881,167,335,325,893,89,644,595,1774,256
1925,Sørreisa,2004,315,265,890,159,332,328,913,90,647,593,1803,249
1925,Sørreisa,2005,325,250,884,153,341,323,914,91,666,573,1798,244
1925,Sørreisa,2006,324,249,887,157,338,321,919,88,662,570,1806,245
1925,Sørreisa,2007,317,261,889,152,341,306,916,99,658,567,1805,251
1925,Sørreisa,2008,322,267,898,147,334,299,917,96,656,566,1815,243
1925,Sørreisa,2009,327,269,914,152,329,298,939,92,656,567,1853,244
1925,Sørreisa,2010,316,283,919,144,331,296,952,88,647,579,1871,232
1925,Sørreisa,2011,310,290,921,142,325,295,956,96,635,585,1877,238
1925,Sørreisa,2012,298,303,921,144,322,306,965,90,620,609,1886,234
1925,Sørreisa,2013,289,316,930,148,316,314,963,93,605,630,1893,241
1925,Sørreisa,2014,290,312,939,158,321,334,966,101,611,646,1905,259
1926,Dyrøy,1999,99,123,357,106,126,118,362,63,225,241,719,169
1926,Dyrøy,2000,98,112,356,100,121,116,360,64,219,228,716,164
1926,Dyrøy,2001,95,102,352,100,119,115,356,64,214,217,708,164
1926,Dyrøy,2002,91,98,346,109,128,107,348,68,219,205,694,177
1926,Dyrøy,2003,97,100,348,109,126,111,348,69,223,211,696,178
1926,Dyrøy,2004,97,101,335,115,126,109,348,63,223,210,683,178
1926,Dyrøy,2005,97,101,337,110,122,103,346,62,219,204,683,172
1926,Dyrøy,2006,102,94,336,110,123,98,357,59,225,192,693,169
1926,Dyrøy,2007,96,98,332,103,114,101,354,54,210,199,686,157
1926,Dyrøy,2008,95,91,324,107,101,101,352,49,196,192,676,156
1926,Dyrøy,2009,93,91,330,102,94,106,342,49,187,197,672,151
1926,Dyrøy,2010,93,92,327,106,87,117,346,50,180,209,673,156
1926,Dyrøy,2011,91,88,324,99,80,120,344,49,171,208,668,148
1926,Dyrøy,2012,90,84,325,100,70,123,337,52,160,207,662,152
1926,Dyrøy,2013,86,89,326,92,76,115,342,52,162,204,668,144
1926,Dyrøy,2014,87,84,331,82,76,103,345,55,163,187,676,137
1927,Tranøy,1999,128,119,442,129,141,174,470,56,269,293,912,185
1927,Tranøy,2000,146,115,449,132,148,167,463,56,294,282,912,188
1927,Tranøy,2001,142,123,448,126,150,160,468,65,292,283,916,191
1927,Tranøy,2002,147,117,436,129,144,152,477,67,291,269,913,196
1927,Tranøy,2003,144,112,445,134,151,149,482,67,295,261,927,201
1927,Tranøy,2004,143,120,434,130,145,144,466,65,288,264,900,195
1927,Tranøy,2005,133,118,437,125,140,126,469,69,273,244,906,194
1927,Tranøy,2006,130,116,431,122,135,119,464,67,265,235,895,189
1927,Tranøy,2007,124,120,423,124,125,116,463,68,249,236,886,192
1927,Tranøy,2008,114,119,428,121,123,126,466,64,237,245,894,185
1927,Tranøy,2009,110,110,426,118,120,125,448,64,230,235,874,182
1927,Tranøy,2010,119,110,421,115,125,128,452,69,244,238,873,184
1927,Tranøy,2011,107,117,421,115,119,132,433,78,226,249,854,193
1927,Tranøy,2012,110,114,420,112,116,127,432,79,226,241,852,191
1927,Tranøy,2013,105,110,417,115,117,131,438,75,222,241,855,190
1927,Tranøy,2014,111,105,422,112,116,122,432,74,227,227,854,186
1928,Torsken,1999,113,89,294,93,94,114,311,53,207,203,605,146
1928,Torsken,2000,111,81,300,93,91,109,320,43,202,190,620,136
1928,Torsken,2001,109,81,295,91,88,102,308,43,197,183,603,134
1928,Torsken,2002,105,86,293,93,89,103,316,37,194,189,609,130
1928,Torsken,2003,92,90,287,97,84,102,318,35,176,192,605,132
1928,Torsken,2004,87,88,280,95,86,89,318,35,173,177,598,130
1928,Torsken,2005,76,85,272,94,76,89,299,40,152,174,571,134
1928,Torsken,2006,77,85,259,89,70,84,293,38,147,169,552,127
1928,Torsken,2007,63,81,263,83,73,82,296,33,136,163,559,116
1928,Torsken,2008,57,69,256,79,66,80,288,34,123,149,544,113
1928,Torsken,2009,55,69,248,78,63,87,275,33,118,156,523,111
1928,Torsken,2010,48,76,240,79,64,90,267,29,112,166,507,108
1928,Torsken,2011,45,84,238,79,63,92,269,34,108,176,507,113
1928,Torsken,2012,51,72,238,77,58,90,263,37,109,162,501,114
1928,Torsken,2013,52,68,240,71,57,84,255,44,109,152,495,115
1928,Torsken,2014,56,65,237,74,55,81,260,43,111,146,497,117
1929,Berg,1999,134,93,268,76,106,96,292,49,240,189,560,125
1929,Berg,2000,128,89,266,72,105,98,293,45,233,187,559,117
1929,Berg,2001,126,95,270,66,98,91,296,41,224,186,566,107
1929,Berg,2002,114,84,264,74,92,91,294,40,206,175,558,114
1929,Berg,2003,111,82,265,68,84,90,295,39,195,172,560,107
1929,Berg,2004,108,89,271,62,87,89,290,39,195,178,561,101
1929,Berg,2005,99,87,270,65,88,78,285,38,187,165,555,103
1929,Berg,2006,88,84,266,67,85,79,284,38,173,163,550,105
1929,Berg,2007,72,83,260,67,78,77,278,37,150,160,538,104
1929,Berg,2008,59,89,248,69,70,85,276,38,129,174,524,107
1929,Berg,2009,56,86,244,69,67,91,283,39,123,177,527,108
1929,Berg,2010,42,84,241,67,68,105,277,37,110,189,518,104
1929,Berg,2011,41,88,240,66,62,98,262,37,103,186,502,103
1929,Berg,2012,45,90,237,67,57,92,256,37,102,182,493,104
1929,Berg,2013,51,85,242,65,64,103,265,39,115,188,507,104
1929,Berg,2014,51,84,239,59,65,104,271,35,116,188,510,94
1931,Lenvik,1999,999,1069,2793,486,1115,1187,2919,273,2114,2256,5712,759
1931,Lenvik,2000,1021,1032,2827,490,1138,1122,2970,278,2159,2154,5797,768
1931,Lenvik,2001,1043,1024,2845,504,1192,1094,2983,285,2235,2118,5828,789
1931,Lenvik,2002,1049,997,2840,512,1198,1070,2978,293,2247,2067,5818,805
1931,Lenvik,2003,1042,959,2860,526,1188,1050,2992,304,2230,2009,5852,830
1931,Lenvik,2004,1048,965,2875,527,1157,1071,3021,301,2205,2036,5896,828
1931,Lenvik,2005,1042,929,2872,546,1118,1063,3029,297,2160,1992,5901,843
1931,Lenvik,2006,1031,952,2883,560,1122,1055,3006,314,2153,2007,5889,874
1931,Lenvik,2007,1015,938,2877,558,1135,1029,3033,305,2150,1967,5910,863
1931,Lenvik,2008,1037,949,2882,572,1131,1069,3069,309,2168,2018,5951,881
1931,Lenvik,2009,1032,947,2929,565,1108,1083,3085,306,2140,2030,6014,871
1931,Lenvik,2010,1055,965,2947,548,1111,1086,3076,310,2166,2051,6023,858
1931,Lenvik,2011,1058,967,2979,521,1112,1100,3103,317,2170,2067,6082,838
1931,Lenvik,2012,1021,1000,2991,518,1116,1110,3152,315,2137,2110,6143,833
1931,Lenvik,2013,1029,1042,3031,519,1093,1112,3157,335,2122,2154,6188,854
1931,Lenvik,2014,1024,1053,3046,516,1100,1165,3186,341,2124,2218,6232,857
1933,Balsfjord,1999,464,493,1476,319,541,566,1680,193,1005,1059,3156,512
1933,Balsfjord,2000,473,451,1485,313,539,538,1684,192,1012,989,3169,505
1933,Balsfjord,2001,496,435,1487,307,554,506,1690,197,1050,941,3177,504
1933,Balsfjord,2002,497,376,1487,312,541,503,1675,195,1038,879,3162,507
1933,Balsfjord,2003,505,369,1500,307,537,491,1687,192,1042,860,3187,499
1933,Balsfjord,2004,508,377,1505,299,534,459,1703,179,1042,836,3208,478
1933,Balsfjord,2005,490,359,1496,309,510,465,1693,186,1000,824,3189,495
1933,Balsfjord,2006,490,377,1499,304,496,464,1700,193,986,841,3199,497
1933,Balsfjord,2007,498,384,1493,303,482,463,1677,201,980,847,3170,504
1933,Balsfjord,2008,482,384,1490,298,475,486,1659,200,957,870,3149,498
1933,Balsfjord,2009,476,385,1469,306,461,477,1672,201,937,862,3141,507
1933,Balsfjord,2010,471,400,1469,304,444,492,1661,213,915,892,3130,517
1933,Balsfjord,2011,463,436,1462,304,442,492,1654,227,905,928,3116,531
1933,Balsfjord,2012,440,459,1450,319,443,469,1644,234,883,928,3094,553
1933,Balsfjord,2013,439,462,1464,327,439,488,1648,253,878,950,3112,580
1933,Balsfjord,2014,415,470,1476,321,422,533,1658,257,837,1003,3134,578
1936,Karlsøy,1999,200,198,606,130,234,256,728,84,434,454,1334,214
1936,Karlsøy,2000,204,197,611,130,234,268,740,80,438,465,1351,210
1936,Karlsøy,2001,209,192,615,132,240,242,724,79,449,434,1339,211
1936,Karlsøy,2002,213,196,615,125,233,242,734,76,446,438,1349,201
1936,Karlsøy,2003,212,200,624,119,233,235,731,83,445,435,1355,202
1936,Karlsøy,2004,198,187,627,116,224,226,734,81,422,413,1361,197
1936,Karlsøy,2005,186,177,639,112,216,225,721,82,402,402,1360,194
1936,Karlsøy,2006,180,181,638,113,192,226,732,89,372,407,1370,202
1936,Karlsøy,2007,173,182,633,114,189,214,727,91,362,396,1360,205
1936,Karlsøy,2008,178,194,636,120,181,217,754,102,359,411,1390,222
1936,Karlsøy,2009,181,192,627,126,174,208,744,112,355,400,1371,238
1936,Karlsøy,2010,178,188,623,123,181,213,736,106,359,401,1359,229
1936,Karlsøy,2011,163,177,625,131,177,227,739,104,340,404,1364,235
1936,Karlsøy,2012,157,175,628,136,171,237,727,106,328,412,1355,242
1936,Karlsøy,2013,153,178,617,137,155,228,725,112,308,406,1342,249
1936,Karlsøy,2014,147,196,626,136,144,227,724,112,291,423,1350,248
1938,Lyngen,1999,278,301,796,186,294,379,867,112,572,680,1663,298
1938,Lyngen,2000,270,291,812,182,280,367,852,118,550,658,1664,300
1938,Lyngen,2001,272,277,809,178,286,355,853,117,558,632,1662,295
1938,Lyngen,2002,269,264,819,177,282,340,868,122,551,604,1687,299
1938,Lyngen,2003,272,262,815,172,292,334,882,115,564,596,1697,287
1938,Lyngen,2004,269,262,814,164,285,333,885,118,554,595,1699,282
1938,Lyngen,2005,272,252,817,168,294,329,883,122,566,581,1700,290
1938,Lyngen,2006,264,245,821,169,292,321,891,127,556,566,1712,296
1938,Lyngen,2007,266,252,836,175,296,312,902,130,562,564,1738,305
1938,Lyngen,2008,265,259,839,176,298,296,905,129,563,555,1744,305
1938,Lyngen,2009,261,248,822,176,297,293,907,129,558,541,1729,305
1938,Lyngen,2010,260,259,825,177,282,300,897,126,542,559,1722,303
1938,Lyngen,2011,254,246,804,184,253,298,897,124,507,544,1701,308
1938,Lyngen,2012,249,223,789,193,235,292,905,123,484,515,1694,316
1938,Lyngen,2013,232,236,789,192,234,277,902,123,466,513,1691,315
1938,Lyngen,2014,234,227,794,194,233,271,892,128,467,498,1686,322
1939,Storfjord - Omasvuotna - Omasvuono,1999,154,191,454,87,169,218,525,45,323,409,979,132
1939,Storfjord - Omasvuotna - Omasvuono,2000,158,187,463,86,166,220,531,42,324,407,994,128
1939,Storfjord - Omasvuotna - Omasvuono,2001,144,178,469,85,168,207,535,42,312,385,1004,127
1939,Storfjord - Omasvuotna - Omasvuono,2002,155,176,475,81,173,202,544,38,328,378,1019,119
1939,Storfjord - Omasvuotna - Omasvuono,2003,153,172,475,85,173,201,557,35,326,373,1032,120
1939,Storfjord - Omasvuotna - Omasvuono,2004,155,172,482,89,184,201,564,44,339,373,1046,133
1939,Storfjord - Omasvuotna - Omasvuono,2005,164,161,501,90,188,188,579,42,352,349,1080,132
1939,Storfjord - Omasvuotna - Omasvuono,2006,156,162,506,87,200,171,579,46,356,333,1085,133
1939,Storfjord - Omasvuotna - Omasvuono,2007,150,149,517,75,208,163,581,42,358,312,1098,117
1939,Storfjord - Omasvuotna - Omasvuono,2008,153,151,514,76,195,154,590,41,348,305,1104,117
1939,Storfjord - Omasvuotna - Omasvuono,2009,152,145,508,82,192,151,583,41,344,296,1091,123
1939,Storfjord - Omasvuotna - Omasvuono,2010,152,156,506,81,179,168,588,40,331,324,1094,121
1939,Storfjord - Omasvuotna - Omasvuono,2011,148,152,510,79,172,179,591,46,320,331,1101,125
1939,Storfjord - Omasvuotna - Omasvuono,2012,149,156,517,79,164,181,594,48,313,337,1111,127
1939,Storfjord - Omasvuotna - Omasvuono,2013,158,157,529,82,159,193,595,52,317,350,1124,134
1939,Storfjord - Omasvuotna - Omasvuono,2014,148,164,526,86,154,190,594,56,302,354,1120,142
1940,Gáivuotna - Kåfjord - Kaivuono,1999,221,212,594,103,230,264,706,71,451,476,1300,174
1940,Gáivuotna - Kåfjord - Kaivuono,2000,218,194,584,111,212,256,705,73,430,450,1289,184
1940,Gáivuotna - Kåfjord - Kaivuono,2001,220,175,580,112,194,237,684,83,414,412,1264,195
1940,Gáivuotna - Kåfjord - Kaivuono,2002,226,179,586,118,194,229,699,84,420,408,1285,202
1940,Gáivuotna - Kåfjord - Kaivuono,2003,225,188,589,123,204,223,699,89,429,411,1288,212
1940,Gáivuotna - Kåfjord - Kaivuono,2004,211,192,593,121,202,213,696,90,413,405,1289,211
1940,Gáivuotna - Kåfjord - Kaivuono,2005,203,180,591,115,191,215,689,78,394,395,1280,193
1940,Gáivuotna - Kåfjord - Kaivuono,2006,199,182,584,120,175,215,682,78,374,397,1266,198
1940,Gáivuotna - Kåfjord - Kaivuono,2007,191,174,572,127,164,215,676,82,355,389,1248,209
1940,Gáivuotna - Kåfjord - Kaivuono,2008,193,178,578,123,168,214,682,84,361,392,1260,207
1940,Gáivuotna - Kåfjord - Kaivuono,2009,196,190,576,125,169,202,673,84,365,392,1249,209
1940,Gáivuotna - Kåfjord - Kaivuono,2010,180,193,576,120,155,222,673,73,335,415,1249,193
1940,Gáivuotna - Kåfjord - Kaivuono,2011,161,197,558,127,144,219,674,79,305,416,1232,206
1940,Gáivuotna - Kåfjord - Kaivuono,2012,161,209,568,125,154,220,678,80,315,429,1246,205
1940,Gáivuotna - Kåfjord - Kaivuono,2013,155,202,559,135,154,220,680,87,309,422,1239,222
1940,Gáivuotna - Kåfjord - Kaivuono,2014,142,212,557,139,156,221,681,91,298,433,1238,230
1941,Skjervøy,1999,262,317,724,134,310,297,776,56,572,614,1500,190
1941,Skjervøy,2000,270,312,722,131,314,296,787,60,584,608,1509,191
1941,Skjervøy,2001,286,304,740,137,321,303,802,62,607,607,1542,199
1941,Skjervøy,2002,292,289,746,139,328,286,827,65,620,575,1573,204
1941,Skjervøy,2003,294,278,753,137,339,275,835,71,633,553,1588,208
1941,Skjervøy,2004,288,267,768,135,338,278,831,73,626,545,1599,208
1941,Skjervøy,2005,283,267,768,126,321,295,839,71,604,562,1607,197
1941,Skjervøy,2006,278,268,761,132,317,293,812,85,595,561,1573,217
1941,Skjervøy,2007,274,271,752,135,290,303,820,81,564,574,1572,216
1941,Skjervøy,2008,275,256,764,127,298,292,817,79,573,548,1581,206
1941,Skjervøy,2009,245,251,760,129,293,292,824,79,538,543,1584,208
1941,Skjervøy,2010,236,258,764,135,267,301,819,82,503,559,1583,217
1941,Skjervøy,2011,225,266,765,133,246,304,815,92,471,570,1580,225
1941,Skjervøy,2012,231,273,777,127,244,308,807,92,475,581,1584,219
1941,Skjervøy,2013,231,277,772,131,229,320,821,98,460,597,1593,229
1941,Skjervøy,2014,225,275,768,130,220,315,815,104,445,590,1583,234
1942,Nordreisa - Ráisa - Raisi,1999,446,446,1176,228,464,490,1315,148,910,936,2491,376
1942,Nordreisa - Ráisa - Raisi,2000,446,460,1200,222,478,481,1330,146,924,941,2530,368
1942,Nordreisa - Ráisa - Raisi,2001,445,429,1209,215,467,476,1360,141,912,905,2569,356
1942,Nordreisa - Ráisa - Raisi,2002,437,416,1228,219,474,440,1342,150,911,856,2570,369
1942,Nordreisa - Ráisa - Raisi,2003,424,416,1229,221,454,429,1357,146,878,845,2586,367
1942,Nordreisa - Ráisa - Raisi,2004,399,438,1209,225,450,442,1353,147,849,880,2562,372
1942,Nordreisa - Ráisa - Raisi,2005,399,449,1217,232,430,464,1345,154,829,913,2562,386
1942,Nordreisa - Ráisa - Raisi,2006,399,446,1245,228,441,454,1342,161,840,900,2587,389
1942,Nordreisa - Ráisa - Raisi,2007,389,426,1229,230,447,437,1333,169,836,863,2562,399
1942,Nordreisa - Ráisa - Raisi,2008,374,413,1234,242,438,417,1319,175,812,830,2553,417
1942,Nordreisa - Ráisa - Raisi,2009,375,422,1248,236,445,424,1324,171,820,846,2572,407
1942,Nordreisa - Ráisa - Raisi,2010,377,446,1259,226,426,446,1358,168,803,892,2617,394
1942,Nordreisa - Ráisa - Raisi,2011,387,441,1269,230,428,452,1366,172,815,893,2635,402
1942,Nordreisa - Ráisa - Raisi,2012,385,443,1264,246,424,469,1365,162,809,912,2629,408
1942,Nordreisa - Ráisa - Raisi,2013,395,431,1279,242,413,506,1363,168,808,937,2642,410
1942,Nordreisa - Ráisa - Raisi,2014,408,434,1284,231,421,507,1359,170,829,941,2643,401
1943,Kvænangen,1999,100,111,375,93,137,129,433,62,237,240,808,155
1943,Kvænangen,2000,104,99,381,90,133,124,428,64,237,223,809,154
1943,Kvænangen,2001,102,102,375,95,129,120,424,61,231,222,799,156
1943,Kvænangen,2002,107,111,373,93,138,118,426,62,245,229,799,155
1943,Kvænangen,2003,105,108,367,96,140,112,419,58,245,220,786,154
1943,Kvænangen,2004,103,102,369,88,134,111,423,57,237,213,792,145
1943,Kvænangen,2005,103,99,371,90,128,115,425,57,231,214,796,147
1943,Kvænangen,2006,99,102,374,87,124,111,426,53,223,213,800,140
1943,Kvænangen,2007,92,100,367,86,117,106,409,55,209,206,776,141
1943,Kvænangen,2008,97,93,367,86,110,113,411,55,207,206,778,141
1943,Kvænangen,2009,91,88,363,81,111,115,416,55,202,203,779,136
1943,Kvænangen,2010,94,91,358,80,110,113,405,53,204,204,763,133
1943,Kvænangen,2011,93,89,351,76,103,125,394,55,196,214,745,131
1943,Kvænangen,2012,90,87,344,79,105,126,390,54,195,213,734,133
1943,Kvænangen,2013,89,81,326,85,91,128,385,53,180,209,711,138
1943,Kvænangen,2014,83,94,321,82,85,132,365,57,168,226,686,139
2002,Vardø,1999,232,262,716,135,244,298,800,79,476,560,1516,214
2002,Vardø,2000,215,239,699,138,239,263,785,85,454,502,1484,223
2002,Vardø,2001,220,250,700,131,231,272,762,78,451,522,1462,209
2002,Vardø,2002,211,243,676,133,232,233,760,72,443,476,1436,205
2002,Vardø,2003,207,216,669,130,221,211,743,70,428,427,1412,200
2002,Vardø,2004,194,197,642,139,207,215,708,69,401,412,1350,208
2002,Vardø,2005,186,202,646,132,216,186,705,72,402,388,1351,204
2002,Vardø,2006,178,196,648,136,197,192,692,74,375,388,1340,210
2002,Vardø,2007,175,183,638,134,191,188,684,73,366,371,1322,207
2002,Vardø,2008,151,168,609,143,179,181,671,67,330,349,1280,210
2002,Vardø,2009,153,163,596,141,163,186,662,65,316,349,1258,206
2002,Vardø,2010,146,157,587,140,151,190,664,70,297,347,1251,210
2002,Vardø,2011,138,168,582,134,146,187,666,75,284,355,1248,209
2002,Vardø,2012,128,170,584,127,138,191,679,78,266,361,1263,205
2002,Vardø,2013,126,180,579,128,143,193,688,78,269,373,1267,206
2002,Vardø,2014,131,166,578,130,137,197,697,72,268,363,1275,202
2003,Vadsø,1999,597,615,1553,222,650,625,1713,107,1247,1240,3266,329
2003,Vadsø,2000,607,590,1547,231,638,587,1725,112,1245,1177,3272,343
2003,Vadsø,2001,629,563,1580,226,661,582,1724,121,1290,1145,3304,347
2003,Vadsø,2002,617,523,1599,222,659,559,1734,124,1276,1082,3333,346
2003,Vadsø,2003,617,540,1621,213,665,523,1741,131,1282,1063,3362,344
2003,Vadsø,2004,612,549,1630,215,666,560,1756,124,1278,1109,3386,339
2003,Vadsø,2005,592,557,1640,213,664,570,1730,140,1256,1127,3370,353
2003,Vadsø,2006,588,539,1646,215,622,566,1717,149,1210,1105,3363,364
2003,Vadsø,2007,598,537,1634,226,613,570,1718,151,1211,1107,3352,377
2003,Vadsø,2008,562,562,1622,221,581,579,1704,150,1143,1141,3326,371
2003,Vadsø,2009,563,570,1626,216,584,623,1688,153,1147,1193,3314,369
2003,Vadsø,2010,549,582,1647,204,577,625,1694,151,1126,1207,3341,355
2003,Vadsø,2011,528,592,1633,214,578,668,1679,149,1106,1260,3312,363
2003,Vadsø,2012,511,590,1650,216,558,693,1686,159,1069,1283,3336,375
2003,Vadsø,2013,516,598,1659,216,541,731,1686,167,1057,1329,3345,383
2003,Vadsø,2014,520,600,1677,216,532,739,1716,175,1052,1339,3393,391
2004,Hammerfest,1999,851,911,2408,344,918,988,2453,173,1769,1899,4861,517
2004,Hammerfest,2000,864,896,2442,344,930,959,2465,184,1794,1855,4907,528
2004,Hammerfest,2001,859,842,2470,346,921,922,2508,180,1780,1764,4978,526
2004,Hammerfest,2002,860,794,2453,352,903,879,2500,185,1763,1673,4953,537
2004,Hammerfest,2003,849,775,2507,348,894,848,2535,200,1743,1623,5042,548
2004,Hammerfest,2004,830,778,2556,357,888,857,2554,214,1718,1635,5110,571
2004,Hammerfest,2005,846,790,2577,347,882,873,2618,204,1728,1663,5195,551
2004,Hammerfest,2006,839,822,2567,352,902,899,2641,215,1741,1721,5208,567
2004,Hammerfest,2007,817,854,2557,354,876,920,2643,222,1693,1774,5200,576
2004,Hammerfest,2008,822,890,2517,343,843,962,2683,219,1665,1852,5200,562
2004,Hammerfest,2009,803,923,2526,350,826,982,2722,226,1629,1905,5248,576
2004,Hammerfest,2010,816,957,2587,339,855,1012,2778,223,1671,1969,5365,562
2004,Hammerfest,2011,822,995,2642,342,881,1063,2795,226,1703,2058,5437,568
2004,Hammerfest,2012,821,997,2636,350,877,1090,2828,220,1698,2087,5464,570
2004,Hammerfest,2013,817,1028,2645,347,892,1114,2874,231,1709,2142,5519,578
2004,Hammerfest,2014,841,1048,2726,335,903,1160,2892,240,1744,2208,5618,575
2011,Guovdageaidnu - Kautokeino,1999,319,399,714,67,343,399,797,42,662,798,1511,109
2011,Guovdageaidnu - Kautokeino,2000,303,372,727,66,331,380,803,45,634,752,1530,111
2011,Guovdageaidnu - Kautokeino,2001,299,360,739,66,331,374,809,42,630,734,1548,108
2011,Guovdageaidnu - Kautokeino,2002,304,345,736,76,327,371,814,43,631,716,1550,119
2011,Guovdageaidnu - Kautokeino,2003,293,338,748,75,325,346,812,43,618,684,1560,118
2011,Guovdageaidnu - Kautokeino,2004,280,326,756,75,316,346,816,44,596,672,1572,119
2011,Guovdageaidnu - Kautokeino,2005,265,327,754,77,317,347,829,43,582,674,1583,120
2011,Guovdageaidnu - Kautokeino,2006,256,332,748,87,309,335,840,42,565,667,1588,129
2011,Guovdageaidnu - Kautokeino,2007,252,313,745,89,293,326,854,48,545,639,1599,137
2011,Guovdageaidnu - Kautokeino,2008,256,294,752,87,280,324,863,48,536,618,1615,135
2011,Guovdageaidnu - Kautokeino,2009,268,286,767,85,281,322,860,59,549,608,1627,144
2011,Guovdageaidnu - Kautokeino,2010,260,281,764,87,272,311,863,63,532,592,1627,150
2011,Guovdageaidnu - Kautokeino,2011,256,288,770,88,269,317,863,57,525,605,1633,145
2011,Guovdageaidnu - Kautokeino,2012,241,288,764,100,271,303,867,59,512,591,1631,159
2011,Guovdageaidnu - Kautokeino,2013,239,291,756,105,269,301,873,58,508,592,1629,163
2011,Guovdageaidnu - Kautokeino,2014,240,281,756,109,255,298,883,61,495,579,1639,170
2012,Alta,1999,1841,1773,3985,455,1957,1896,4092,238,3798,3669,8077,693
2012,Alta,2000,1897,1788,4061,459,1988,1883,4209,236,3885,3671,8270,695
2012,Alta,2001,1931,1787,4151,463,2066,1816,4318,249,3997,3603,8469,712
2012,Alta,2002,1927,1736,4260,455,2069,1790,4397,254,3996,3526,8657,709
2012,Alta,2003,1935,1698,4328,469,2080,1789,4484,259,4015,3487,8812,728
2012,Alta,2004,1969,1670,4407,489,2088,1758,4552,263,4057,3428,8959,752
2012,Alta,2005,1957,1671,4467,514,2085,1792,4615,287,4042,3463,9082,801
2012,Alta,2006,1917,1741,4544,518,2082,1845,4698,294,3999,3586,9242,812
2012,Alta,2007,1894,1798,4599,520,2078,1848,4774,294,3972,3646,9373,814
2012,Alta,2008,1903,1853,4613,533,2086,1890,4825,322,3989,3743,9438,855
2012,Alta,2009,1840,1881,4660,541,2080,1941,4951,330,3920,3822,9611,871
2012,Alta,2010,1859,1913,4694,552,2032,2029,4983,346,3891,3942,9677,898
2012,Alta,2011,1900,1999,4754,562,2030,2127,5066,355,3930,4126,9820,917
2012,Alta,2012,1930,2020,4812,562,1992,2204,5126,365,3922,4224,9938,927
2012,Alta,2013,1933,2119,4894,571,1977,2307,5187,386,3910,4426,10081,957
2012,Alta,2014,1931,2132,4948,587,1961,2335,5245,403,3892,4467,10193,990
2014,Loppa,1999,133,121,352,68,134,149,422,47,267,270,774,115
2014,Loppa,2000,129,115,346,69,136,143,420,49,265,258,766,118
2014,Loppa,2001,132,112,347,70,136,135,419,52,268,247,766,122
2014,Loppa,2002,128,110,345,72,131,116,426,55,259,226,771,127
2014,Loppa,2003,113,92,338,69,124,110,411,59,237,202,749,128
2014,Loppa,2004,105,91,332,73,116,105,402,56,221,196,734,129
2014,Loppa,2005,91,99,323,71,113,96,406,55,204,195,729,126
2014,Loppa,2006,87,76,314,70,106,91,396,63,193,167,710,133
2014,Loppa,2007,79,73,303,64,105,82,376,64,184,155,679,128
2014,Loppa,2008,74,70,301,58,107,72,359,59,181,142,660,117
2014,Loppa,2009,72,72,299,56,98,75,358,52,170,147,657,108
2014,Loppa,2010,66,74,296,60,91,84,355,59,157,158,651,119
2014,Loppa,2011,59,73,290,60,85,91,350,59,144,164,640,119
2014,Loppa,2012,54,82,282,64,81,103,356,58,135,185,638,122
2014,Loppa,2013,50,79,274,66,73,111,355,57,123,190,629,123
2014,Loppa,2014,40,71,267,64,63,111,349,53,103,182,616,117
2015,Hasvik,1999,101,132,304,56,118,133,349,27,219,265,653,83
2015,Hasvik,2000,97,121,294,53,121,119,352,28,218,240,646,81
2015,Hasvik,2001,97,122,287,54,122,114,365,28,219,236,652,82
2015,Hasvik,2002,92,108,287,58,118,105,363,35,210,213,650,93
2015,Hasvik,2003,92,88,286,54,104,95,348,30,196,183,634,84
2015,Hasvik,2004,91,89,282,57,105,87,340,35,196,176,622,92
2015,Hasvik,2005,85,79,276,57,98,81,337,31,183,160,613,88
2015,Hasvik,2006,81,74,269,61,91,88,327,35,172,162,596,96
2015,Hasvik,2007,78,68,266,57,82,95,315,36,160,163,581,93
2015,Hasvik,2008,77,76,263,57,78,88,312,32,155,164,575,89
2015,Hasvik,2009,74,69,255,58,71,83,322,32,145,152,577,90
2015,Hasvik,2010,67,64,248,55,64,80,310,35,131,144,558,90
2015,Hasvik,2011,67,76,250,53,64,91,323,37,131,167,573,90
2015,Hasvik,2012,72,84,259,49,69,101,318,34,141,185,577,83
2015,Hasvik,2013,77,83,266,50,67,111,320,40,144,194,586,90
2015,Hasvik,2014,75,85,262,54,76,109,325,38,151,194,587,92
2017,Kvalsund,1999,85,93,283,54,69,110,349,31,154,203,632,85
2017,Kvalsund,2000,90,92,291,55,75,110,351,31,165,202,642,86
2017,Kvalsund,2001,90,93,290,59,79,94,352,34,169,187,642,93
2017,Kvalsund,2002,79,95,292,58,84,82,357,35,163,177,649,93
2017,Kvalsund,2003,80,82,296,61,87,80,364,39,167,162,660,100
2017,Kvalsund,2004,83,84,292,58,88,76,367,39,171,160,659,97
2017,Kvalsund,2005,83,75,297,60,82,64,370,37,165,139,667,97
2017,Kvalsund,2006,82,77,294,55,79,74,369,33,161,151,663,88
2017,Kvalsund,2007,85,79,298,57,75,80,374,36,160,159,672,93
2017,Kvalsund,2008,83,86,296,59,80,77,374,32,163,163,670,91
2017,Kvalsund,2009,73,80,291,55,74,59,373,31,147,139,664,86
2017,Kvalsund,2010,78,68,286,57,72,51,366,33,150,119,652,90
2017,Kvalsund,2011,65,68,281,59,72,57,352,38,137,125,633,97
2017,Kvalsund,2012,62,66,280,60,74,69,351,38,136,135,631,98
2017,Kvalsund,2013,67,71,297,55,70,67,359,41,137,138,656,96
2017,Kvalsund,2014,68,75,293,60,76,75,351,46,144,150,644,106
2018,Måsøy,1999,120,124,372,62,115,157,485,42,235,281,857,104
2018,Måsøy,2000,113,127,378,57,116,152,480,44,229,279,858,101
2018,Måsøy,2001,116,118,382,57,123,138,473,41,239,256,855,98
2018,Måsøy,2002,120,104,384,60,123,124,460,46,243,228,844,106
2018,Måsøy,2003,120,100,384,59,122,121,456,51,242,221,840,110
2018,Måsøy,2004,113,105,374,62,119,114,451,49,232,219,825,111
2018,Måsøy,2005,115,98,374,63,116,118,451,49,231,216,825,112
2018,Måsøy,2006,102,101,371,63,115,122,435,54,217,223,806,117
2018,Måsøy,2007,101,94,354,67,110,118,415,52,211,212,769,119
2018,Måsøy,2008,91,111,360,65,107,116,413,57,198,227,773,122
2018,Måsøy,2009,88,108,354,62,110,105,412,57,198,213,766,119
2018,Måsøy,2010,79,108,343,69,103,100,402,55,182,208,745,124
2018,Måsøy,2011,71,100,337,67,96,101,389,56,167,201,726,123
2018,Måsøy,2012,74,105,340,69,91,101,393,61,165,206,733,130
2018,Måsøy,2013,71,100,339,65,86,102,408,62,157,202,747,127
2018,Måsøy,2014,72,101,332,66,82,103,409,64,154,204,741,130
2019,Nordkapp,1999,317,302,918,160,310,352,1059,83,627,654,1977,243
2019,Nordkapp,2000,311,302,904,166,327,326,1054,86,638,628,1958,252
2019,Nordkapp,2001,321,287,901,169,304,319,1051,98,625,606,1952,267
2019,Nordkapp,2002,334,282,909,173,312,307,1045,104,646,589,1954,277
2019,Nordkapp,2003,337,287,906,165,314,313,1034,107,651,600,1940,272
2019,Nordkapp,2004,343,283,904,160,315,291,1021,110,658,574,1925,270
2019,Nordkapp,2005,320,286,912,150,316,272,1014,109,636,558,1926,259
2019,Nordkapp,2006,311,258,901,158,307,264,981,118,618,522,1882,276
2019,Nordkapp,2007,293,255,874,169,293,259,971,128,586,514,1845,297
2019,Nordkapp,2008,286,258,855,174,278,279,953,113,564,537,1808,287
2019,Nordkapp,2009,261,269,835,165,269,281,953,104,530,550,1788,269
2019,Nordkapp,2010,254,263,843,162,275,304,957,99,529,567,1800,261
2019,Nordkapp,2011,248,258,857,160,257,335,982,92,505,593,1839,252
2019,Nordkapp,2012,250,269,852,155,263,321,1002,92,513,590,1854,247
2019,Nordkapp,2013,244,259,851,158,261,311,1006,92,505,570,1857,250
2019,Nordkapp,2014,227,280,852,162,251,314,1010,96,478,594,1862,258
2020,Porsanger - Porsángu - Porsanki,1999,402,436,1116,155,407,506,1211,97,809,942,2327,252
2020,Porsanger - Porsángu - Porsanki,2000,412,426,1142,160,414,484,1262,91,826,910,2404,251
2020,Porsanger - Porsángu - Porsanki,2001,392,392,1135,163,397,468,1258,100,789,860,2393,263
2020,Porsanger - Porsángu - Porsanki,2002,402,371,1152,160,393,453,1262,97,795,824,2414,257
2020,Porsanger - Porsángu - Porsanki,2003,396,372,1139,159,373,440,1251,104,769,812,2390,263
2020,Porsanger - Porsángu - Porsanki,2004,402,377,1148,158,376,451,1259,107,778,828,2407,265
2020,Porsanger - Porsángu - Porsanki,2005,389,389,1146,152,371,430,1267,102,760,819,2413,254
2020,Porsanger - Porsángu - Porsanki,2006,362,378,1140,161,356,407,1253,111,718,785,2393,272
2020,Porsanger - Porsángu - Porsanki,2007,352,351,1117,171,346,401,1232,115,698,752,2349,286
2020,Porsanger - Porsángu - Porsanki,2008,347,329,1113,156,342,386,1231,118,689,715,2344,274
2020,Porsanger - Porsángu - Porsanki,2009,335,331,1115,148,338,373,1209,121,673,704,2324,269
2020,Porsanger - Porsángu - Porsanki,2010,324,339,1115,166,314,365,1207,119,638,704,2322,285
2020,Porsanger - Porsángu - Porsanki,2011,305,343,1113,171,305,376,1218,110,610,719,2331,281
2020,Porsanger - Porsángu - Porsanki,2012,305,323,1115,176,286,390,1204,113,591,713,2319,289
2020,Porsanger - Porsángu - Porsanki,2013,310,344,1128,170,286,372,1215,116,596,716,2343,286
2020,Porsanger - Porsángu - Porsanki,2014,298,347,1146,162,278,366,1203,124,576,713,2349,286
2021,Kárásjohka - Karasjok,1999,303,289,698,70,340,297,780,47,643,586,1478,117
2021,Kárásjohka - Karasjok,2000,311,285,704,79,331,299,788,49,642,584,1492,128
2021,Kárásjohka - Karasjok,2001,305,276,718,81,335,289,790,44,640,565,1508,125
2021,Kárásjohka - Karasjok,2002,288,272,716,89,340,282,788,45,628,554,1504,134
2021,Kárásjohka - Karasjok,2003,276,260,713,94,331,287,798,46,607,547,1511,140
2021,Kárásjohka - Karasjok,2004,275,249,741,96,334,295,794,54,609,544,1535,150
2021,Kárásjohka - Karasjok,2005,285,235,751,100,312,298,798,58,597,533,1549,158
2021,Kárásjohka - Karasjok,2006,281,244,754,105,310,285,813,61,591,529,1567,166
2021,Kárásjohka - Karasjok,2007,272,244,755,104,313,282,806,69,585,526,1561,173
2021,Kárásjohka - Karasjok,2008,264,253,752,104,307,291,788,74,571,544,1540,178
2021,Kárásjohka - Karasjok,2009,252,246,732,106,282,291,779,71,534,537,1511,177
2021,Kárásjohka - Karasjok,2010,241,243,730,110,274,291,787,79,515,534,1517,189
2021,Kárásjohka - Karasjok,2011,233,249,727,106,264,291,792,81,497,540,1519,187
2021,Kárásjohka - Karasjok,2012,219,257,722,105,249,295,796,84,468,552,1518,189
2021,Kárásjohka - Karasjok,2013,219,261,718,106,244,304,776,77,463,565,1494,183
2021,Kárásjohka - Karasjok,2014,203,257,718,110,224,313,777,76,427,570,1495,186
2022,Lebesby,1999,121,124,374,75,146,139,441,47,267,263,815,122
2022,Lebesby,2000,122,117,375,73,143,134,444,43,265,251,819,116
2022,Lebesby,2001,127,133,380,71,142,134,467,44,269,267,847,115
2022,Lebesby,2002,120,128,373,70,145,132,474,43,265,260,847,113
2022,Lebesby,2003,126,119,374,64,150,131,476,44,276,250,850,108
2022,Lebesby,2004,117,118,371,67,148,131,468,38,265,249,839,105
2022,Lebesby,2005,118,104,364,59,145,122,456,41,263,226,820,100
2022,Lebesby,2006,112,94,363,56,136,129,450,41,248,223,813,97
2022,Lebesby,2007,114,92,354,58,122,121,443,43,236,213,797,101
2022,Lebesby,2008,106,84,339,64,110,118,436,37,216,202,775,101
2022,Lebesby,2009,116,89,340,68,117,117,434,40,233,206,774,108
2022,Lebesby,2010,114,95,343,69,121,116,427,48,235,211,770,117
2022,Lebesby,2011,109,96,344,66,122,113,426,49,231,209,770,115
2022,Lebesby,2012,118,98,346,66,118,127,423,51,236,225,769,117
2022,Lebesby,2013,103,100,357,57,102,140,419,50,205,240,776,107
2022,Lebesby,2014,105,94,355,63,98,140,418,54,203,234,773,117
2023,Gamvik,1999,108,132,311,54,120,128,375,39,228,260,686,93
2023,Gamvik,2000,110,138,329,56,118,111,373,39,228,249,702,95
2023,Gamvik,2001,111,130,324,55,111,113,369,38,222,243,693,93
2023,Gamvik,2002,101,116,323,59,116,111,362,35,217,227,685,94
2023,Gamvik,2003,102,110,317,51,114,93,373,31,216,203,690,82
2023,Gamvik,2004,93,93,311,51,105,84,353,31,198,177,664,82
2023,Gamvik,2005,96,89,309,50,103,83,346,32,199,172,655,82
2023,Gamvik,2006,84,89,297,51,97,79,340,33,181,168,637,84
2023,Gamvik,2007,76,84,296,49,91,80,332,32,167,164,628,81
2023,Gamvik,2008,75,78,301,45,94,77,328,34,169,155,629,79
2023,Gamvik,2009,68,74,296,48,90,76,336,31,158,150,632,79
2023,Gamvik,2010,70,71,294,43,79,78,330,30,149,149,624,73
2023,Gamvik,2011,63,81,296,39,67,88,320,30,130,169,616,69
2023,Gamvik,2012,64,90,290,37,58,107,319,36,122,197,609,73
2023,Gamvik,2013,61,99,295,38,63,116,344,37,124,215,639,75
2023,Gamvik,2014,60,104,299,38,69,114,363,39,129,218,662,77
2024,Berlevåg,1999,122,115,312,62,121,120,345,44,243,235,657,106
2024,Berlevåg,2000,118,108,319,64,118,106,345,40,236,214,664,104
2024,Berlevåg,2001,105,114,314,66,117,99,341,39,222,213,655,105
2024,Berlevåg,2002,109,105,319,65,115,93,350,39,224,198,669,104
2024,Berlevåg,2003,95,101,320,67,117,85,352,35,212,186,672,102
2024,Berlevåg,2004,95,87,318,72,115,83,341,36,210,170,659,108
2024,Berlevåg,2005,101,80,314,69,98,87,336,35,199,167,650,104
2024,Berlevåg,2006,96,78,305,70,90,91,326,38,186,169,631,108
2024,Berlevåg,2007,98,68,296,75,88,91,318,40,186,159,614,115
2024,Berlevåg,2008,98,68,286,77,85,95,315,41,183,163,601,118
2024,Berlevåg,2009,97,63,291,70,82,96,312,39,179,159,603,109
2024,Berlevåg,2010,80,74,286,66,81,93,319,38,161,167,605,104
2024,Berlevåg,2011,79,76,278,58,77,100,313,41,156,176,591,99
2024,Berlevåg,2012,69,78,280,60,71,97,312,44,140,175,592,104
2024,Berlevåg,2013,66,79,283,59,72,101,315,45,138,180,598,104
2024,Berlevåg,2014,65,92,289,61,76,108,315,42,141,200,604,103
2025,Deatnu - Tana,1999,267,300,731,130,266,354,888,83,533,654,1619,213
2025,Deatnu - Tana,2000,266,296,744,126,274,342,902,77,540,638,1646,203
2025,Deatnu - Tana,2001,265,281,755,130,275,328,900,68,540,609,1655,198
2025,Deatnu - Tana,2002,269,275,769,123,286,314,906,62,555,589,1675,185
2025,Deatnu - Tana,2003,282,268,777,124,283,297,922,73,565,565,1699,197
2025,Deatnu - Tana,2004,271,243,795,121,272,275,918,74,543,518,1713,195
2025,Deatnu - Tana,2005,264,247,817,117,273,277,925,79,537,524,1742,196
2025,Deatnu - Tana,2006,262,245,820,127,272,271,905,78,534,516,1725,205
2025,Deatnu - Tana,2007,257,225,824,125,259,265,910,84,516,490,1734,209
2025,Deatnu - Tana,2008,263,229,807,124,248,258,922,80,511,487,1729,204
2025,Deatnu - Tana,2009,244,253,798,126,235,269,911,85,479,522,1709,211
2025,Deatnu - Tana,2010,240,234,797,130,233,244,913,93,473,478,1710,223
2025,Deatnu - Tana,2011,229,231,803,129,236,244,894,104,465,475,1697,233
2025,Deatnu - Tana,2012,228,229,804,124,237,245,900,102,465,474,1704,226
2025,Deatnu - Tana,2013,220,229,800,127,238,248,900,115,458,477,1700,242
2025,Deatnu - Tana,2014,197,233,790,135,229,260,907,114,426,493,1697,249
2027,Unjárga - Nesseby,1999,89,77,261,59,84,93,313,35,173,170,574,94
2027,Unjárga - Nesseby,2000,79,74,248,61,75,85,306,33,154,159,554,94
2027,Unjárga - Nesseby,2001,77,79,252,60,73,81,294,37,150,160,546,97
2027,Unjárga - Nesseby,2002,81,79,258,58,68,85,295,36,149,164,553,94
2027,Unjárga - Nesseby,2003,73,70,255,57,65,71,296,33,138,141,551,90
2027,Unjárga - Nesseby,2004,62,68,261,60,62,79,294,32,124,147,555,92
2027,Unjárga - Nesseby,2005,64,58,254,63,63,75,287,36,127,133,541,99
2027,Unjárga - Nesseby,2006,64,61,249,57,64,77,281,37,128,138,530,94
2027,Unjárga - Nesseby,2007,58,66,247,54,64,74,279,37,122,140,526,91
2027,Unjárga - Nesseby,2008,52,58,245,55,59,70,273,39,111,128,518,94
2027,Unjárga - Nesseby,2009,48,69,244,57,57,74,275,38,105,143,519,95
2027,Unjárga - Nesseby,2010,55,71,237,54,58,78,280,39,113,149,517,93
2027,Unjárga - Nesseby,2011,58,80,238,48,60,78,283,41,118,158,521,89
2027,Unjárga - Nesseby,2012,57,75,239,54,59,81,281,40,116,156,520,94
2027,Unjárga - Nesseby,2013,59,71,237,53,56,80,275,44,115,151,512,97
2027,Unjárga - Nesseby,2014,64,72,238,53,61,87,284,50,125,159,522,103
2028,Båtsfjord,1999,201,284,590,73,243,282,714,28,444,566,1304,101
2028,Båtsfjord,2000,208,286,602,71,240,283,717,28,448,569,1319,99
2028,Båtsfjord,2001,209,264,608,73,230,275,725,32,439,539,1333,105
2028,Båtsfjord,2002,204,255,608,72,231,258,715,34,435,513,1323,106
2028,Båtsfjord,2003,208,242,624,77,220,245,713,41,428,487,1337,118
2028,Båtsfjord,2004,203,206,608,75,212,232,688,33,415,438,1296,108
2028,Båtsfjord,2005,206,174,588,78,206,194,679,34,412,368,1267,112
2028,Båtsfjord,2006,205,176,580,80,200,196,670,39,405,372,1250,119
2028,Båtsfjord,2007,192,171,571,80,189,191,655,42,381,362,1226,122
2028,Båtsfjord,2008,200,162,569,78,176,194,647,43,376,356,1216,121
2028,Båtsfjord,2009,198,157,568,77,163,194,656,38,361,351,1224,115
2028,Båtsfjord,2010,195,164,570,77,160,198,638,46,355,362,1208,123
2028,Båtsfjord,2011,184,172,559,75,165,205,646,51,349,377,1205,126
2028,Båtsfjord,2012,189,179,560,71,158,218,650,47,347,397,1210,118
2028,Båtsfjord,2013,175,201,573,74,155,244,660,48,330,445,1233,122
2028,Båtsfjord,2014,189,196,589,77,156,242,687,51,345,438,1276,128
2030,Sør-Varanger,1999,895,984,2476,416,902,996,2614,224,1797,1980,5090,640
2030,Sør-Varanger,2000,905,928,2483,408,922,927,2602,216,1827,1855,5085,624
2030,Sør-Varanger,2001,900,913,2480,422,910,898,2626,223,1810,1811,5106,645
2030,Sør-Varanger,2002,926,893,2514,438,949,862,2665,227,1875,1755,5179,665
2030,Sør-Varanger,2003,915,849,2538,431,944,844,2672,239,1859,1693,5210,670
2030,Sør-Varanger,2004,914,842,2528,426,920,842,2666,249,1834,1684,5194,675
2030,Sør-Varanger,2005,912,815,2548,429,915,821,2669,252,1827,1636,5217,681
2030,Sør-Varanger,2006,896,804,2571,438,907,819,2662,253,1803,1623,5233,691
2030,Sør-Varanger,2007,874,838,2603,415,884,832,2681,258,1758,1670,5284,673
2030,Sør-Varanger,2008,880,856,2621,410,864,838,2676,260,1744,1694,5297,670
2030,Sør-Varanger,2009,875,887,2649,408,849,870,2684,275,1724,1757,5333,683
2030,Sør-Varanger,2010,863,907,2664,406,844,942,2722,277,1707,1849,5386,683
2030,Sør-Varanger,2011,857,940,2670,407,831,980,2748,286,1688,1920,5418,693
2030,Sør-Varanger,2012,839,949,2684,408,812,1031,2773,265,1651,1980,5457,673
2030,Sør-Varanger,2013,820,974,2701,413,795,1070,2821,264,1615,2044,5522,677
2030,Sør-Varanger,2014,792,1001,2735,416,797,1122,2864,271,1589,2123,5599,687
